CST XY Data Exchange Format V2

Title    = S-Parameters
Xlabel   = Frequency / GHz
Ylabel   = dB

Curvelabel          = S1,1
Filename            = ^cS1(1)1(1).sig
Npoints             = 1001
Type                = 8
Subtype             = 16
Result type         = complex:none;impedance
View type           = Cartesian
Plot type           = Magnitude dB
Data/Title          = S-Parameters
X/Label             = Frequency
X/Unit              = GHz
Y/Unit              = 
Y/Logfactor         = 20
Plot/wrapHeuristics = 0

3.5	0.93109196424484	-0.36447742581367	50	0
3.5009999275208	0.93105101585388	-0.36458110809326	50	0
3.5020000934601	0.93101000785828	-0.36468476057053	50	0
3.5030000209808	0.93096899986267	-0.36478850245476	50	0
3.5039999485016	0.93092805147171	-0.36489218473434	50	0
3.5050001144409	0.93088710308075	-0.36499583721161	50	0
3.5060000419617	0.93084597587585	-0.3650995194912	50	0
3.5069999694824	0.93080496788025	-0.36520320177078	50	0
3.5079998970032	0.93076384067535	-0.36530685424805	50	0
3.5090000629425	0.9307227730751	-0.36541056632996	50	0
3.5099999904633	0.93068170547485	-0.36551424860954	50	0
3.510999917984	0.93064057826996	-0.36561793088913	50	0
3.5120000839233	0.93059945106506	-0.36572161316872	50	0
3.5130000114441	0.93055826425552	-0.36582526564598	50	0
3.5139999389648	0.93051713705063	-0.36592897772789	50	0
3.5150001049042	0.93047595024109	-0.36603266000748	50	0
3.5160000324249	0.93043476343155	-0.36613637208939	50	0
3.5169999599457	0.93039363622665	-0.36624005436897	50	0
3.5179998874664	0.93035233020782	-0.36634373664856	50	0
3.5190000534058	0.93031114339828	-0.36644741892815	50	0
3.5199999809265	0.9302698969841	-0.36655110120773	50	0
3.5209999084473	0.93022865056992	-0.36665481328964	50	0
3.5220000743866	0.93018734455109	-0.36675849556923	50	0
3.5230000019073	0.9301460981369	-0.36686217784882	50	0
3.5239999294281	0.93010473251343	-0.3669658601284	50	0
3.5250000953674	0.9300634264946	-0.36706957221031	50	0
3.5260000228882	0.93002200126648	-0.36717328429222	50	0
3.5269999504089	0.92998075485229	-0.36727696657181	50	0
3.5280001163483	0.92993932962418	-0.36738067865372	50	0
3.529000043869	0.9298979640007	-0.36748433113098	50	0
3.5299999713898	0.92985659837723	-0.36758807301521	50	0
3.5309998989105	0.92981517314911	-0.36769172549248	50	0
3.5320000648499	0.92977374792099	-0.36779546737671	50	0
3.5329999923706	0.92973226308823	-0.3678991496563	50	0
3.5339999198914	0.92969077825546	-0.3680028617382	50	0
3.5350000858307	0.9296492934227	-0.36810654401779	50	0
3.5360000133514	0.92960780858994	-0.36821022629738	50	0
3.5369999408722	0.92956632375717	-0.36831396818161	50	0
3.5380001068115	0.92952483892441	-0.3684176504612	50	0
3.5390000343323	0.929483294487	-0.36852133274078	50	0
3.539999961853	0.92944175004959	-0.36862504482269	50	0
3.5409998893738	0.92940014600754	-0.3687287569046	50	0
3.5420000553131	0.92935860157013	-0.36883246898651	50	0
3.5429999828339	0.92931705713272	-0.36893618106842	50	0
3.5439999103546	0.92927539348602	-0.36903989315033	50	0
3.5450000762939	0.92923378944397	-0.36914357542992	50	0
3.5460000038147	0.92919212579727	-0.36924728751183	50	0
3.5469999313354	0.92915040254593	-0.36935099959373	50	0
3.5480000972748	0.92910873889923	-0.36945468187332	50	0
3.5490000247955	0.92906701564789	-0.36955842375755	50	0
3.5499999523163	0.92902541160583	-0.36966207623482	50	0
3.5510001182556	0.92898362874985	-0.36976584792137	50	0
3.5520000457764	0.92894196510315	-0.36986953020096	50	0
3.5529999732971	0.92890012264252	-0.36997321248055	50	0
3.5539999008179	0.92885839939117	-0.37007695436478	50	0
3.5550000667572	0.92881661653519	-0.37018066644669	50	0
3.555999994278	0.92877477407455	-0.37028437852859	50	0
3.5569999217987	0.92873299121857	-0.37038812041283	50	0
3.558000087738	0.92869114875793	-0.37049180269241	50	0
3.5590000152588	0.92864936590195	-0.37059551477432	50	0
3.5599999427795	0.92860752344131	-0.37069925665855	50	0
3.5610001087189	0.92856562137604	-0.37080293893814	50	0
3.5620000362396	0.92852377891541	-0.37090674042702	50	0
3.5629999637604	0.92848175764084	-0.37101063132286	50	0
3.5639998912811	0.92843997478485	-0.37111404538155	50	0
3.5650000572205	0.92839801311493	-0.37121793627739	50	0
3.5659999847412	0.92835611104965	-0.37132135033607	50	0
3.566999912262	0.92831408977509	-0.3714252114296	50	0
3.5680000782013	0.92827218770981	-0.37152862548828	50	0
3.569000005722	0.92823004722595	-0.37163293361664	50	0
3.5699999332428	0.92818796634674	-0.37173676490784	50	0
3.5710000991821	0.92814606428146	-0.37184017896652	50	0
3.5720000267029	0.92810398340225	-0.37194401025772	50	0
3.5729999542236	0.92806202173233	-0.37204736471176	50	0
3.5739998817444	0.92801994085312	-0.37215122580528	50	0
3.5750000476837	0.92797762155533	-0.37225547432899	50	0
3.5759999752045	0.92793571949005	-0.37235885858536	50	0
3.5769999027252	0.92789345979691	-0.37246266007423	50	0
3.5780000686646	0.92785155773163	-0.37256601452827	50	0
3.5789999961853	0.92780923843384	-0.37266999483109	50	0
3.5799999237061	0.92776703834534	-0.37277370691299	50	0
3.5810000896454	0.92772489786148	-0.37287744879723	50	0
3.5820000171661	0.92768263816833	-0.37298119068146	50	0
3.5829999446869	0.92764043807983	-0.37308493256569	50	0
3.5840001106262	0.92759817838669	-0.3731886446476	50	0
3.585000038147	0.92755603790283	-0.37329238653183	50	0
3.5859999656677	0.9275136590004	-0.37339609861374	50	0
3.5869998931885	0.92747139930725	-0.37349987030029	50	0
3.5880000591278	0.92742913961411	-0.37360361218452	50	0
3.5889999866486	0.92738682031631	-0.37370732426643	50	0
3.5899999141693	0.92734450101852	-0.37381106615067	50	0
3.5910000801086	0.92730218172073	-0.3739148080349	50	0
3.5920000076294	0.92725974321365	-0.37401852011681	50	0
3.5929999351501	0.92721736431122	-0.37412226200104	50	0
3.5940001010895	0.92717504501343	-0.37422603368759	50	0
3.5950000286102	0.9271325469017	-0.37432977557182	50	0
3.595999956131	0.92709022760391	-0.37443351745605	50	0
3.5969998836517	0.92704778909683	-0.37453725934029	50	0
3.5980000495911	0.92700529098511	-0.37464100122452	50	0
3.5989999771118	0.92696285247803	-0.37474474310875	50	0
3.5999999046326	0.9269203543663	-0.3748485147953	50	0
3.6010000705719	0.92687779664993	-0.37495219707489	50	0
3.6019999980927	0.92683529853821	-0.37505599856377	50	0
3.6029999256134	0.92679286003113	-0.375159740448	50	0
3.6040000915527	0.92675024271011	-0.37526348233223	50	0
3.6050000190735	0.92670768499374	-0.37536725401878	50	0
3.6059999465942	0.92666506767273	-0.37547096610069	50	0
3.6070001125336	0.926622569561	-0.37557473778725	50	0
3.6080000400543	0.92657989263535	-0.37567847967148	50	0
3.6089999675751	0.92653733491898	-0.37578222155571	50	0
3.6099998950958	0.92649465799332	-0.37588599324226	50	0
3.6110000610352	0.92645198106766	-0.3759897351265	50	0
3.6119999885559	0.926409304142	-0.37609347701073	50	0
3.6129999160767	0.92636662721634	-0.37619724869728	50	0
3.614000082016	0.92632389068604	-0.37630102038383	50	0
3.6150000095367	0.92628115415573	-0.37640479207039	50	0
3.6159999370575	0.92623841762543	-0.37650853395462	50	0
3.6170001029968	0.92619568109512	-0.37661227583885	50	0
3.6180000305176	0.92615282535553	-0.37671604752541	50	0
3.6189999580383	0.92611014842987	-0.37681978940964	50	0
3.6199998855591	0.92606741189957	-0.37692362070084	50	0
3.6210000514984	0.92602455615997	-0.37702733278275	50	0
3.6219999790192	0.92598170042038	-0.3771311044693	50	0
3.6229999065399	0.92593878507614	-0.37723487615585	50	0
3.6240000724792	0.92589592933655	-0.37733861804008	50	0
3.625	0.92585307359695	-0.37744238972664	50	0
3.6259999275208	0.92581015825272	-0.37754619121552	50	0
3.6270000934601	0.92576718330383	-0.37764990329742	50	0
3.6280000209808	0.92572432756424	-0.3777537047863	50	0
3.6289999485016	0.92568135261536	-0.37785747647285	50	0
3.6300001144409	0.92563837766647	-0.37796124815941	50	0
3.6310000419617	0.92559546232224	-0.37806501984596	50	0
3.6319999694824	0.92555236816406	-0.37816879153252	50	0
3.6329998970032	0.92550939321518	-0.37827253341675	50	0
3.6340000629425	0.92546647787094	-0.37837633490562	50	0
3.6349999904633	0.92542338371277	-0.37848010659218	50	0
3.635999917984	0.92538034915924	-0.37858387827873	50	0
3.6370000839233	0.92533725500107	-0.37868764996529	50	0
3.6380000114441	0.9252941608429	-0.37879142165184	50	0
3.6389999389648	0.92525094747543	-0.37889522314072	50	0
3.6400001049042	0.92520785331726	-0.37899899482727	50	0
3.6410000324249	0.92516475915909	-0.37910279631615	50	0
3.6419999599457	0.92512160539627	-0.3792065680027	50	0
3.6429998874664	0.92507839202881	-0.37931033968925	50	0
3.6440000534058	0.92503517866135	-0.37941411137581	50	0
3.6449999809265	0.92499190568924	-0.37951788306236	50	0
3.6459999084473	0.92494875192642	-0.37962168455124	50	0
3.6470000743866	0.92490553855896	-0.37972545623779	50	0
3.6480000019073	0.9248623251915	-0.37982925772667	50	0
3.6489999294281	0.92481899261475	-0.37993305921555	50	0
3.6500000953674	0.92477577924728	-0.3800368309021	50	0
3.6510000228882	0.92473244667053	-0.38014063239098	50	0
3.6519999504089	0.92468911409378	-0.38024440407753	50	0
3.6530001163483	0.92464572191238	-0.38034820556641	50	0
3.654000043869	0.92460232973099	-0.38045197725296	50	0
3.6549999713898	0.92455899715424	-0.38055580854416	50	0
3.6559998989105	0.92451566457748	-0.38065961003304	50	0
3.6570000648499	0.92447227239609	-0.38076338171959	50	0
3.6579999923706	0.92442882061005	-0.38086715340614	50	0
3.6589999198914	0.92438536882401	-0.38097098469734	50	0
3.6600000858307	0.92434197664261	-0.3810747563839	50	0
3.6610000133514	0.92429852485657	-0.38117855787277	50	0
3.6619999408722	0.92425495386124	-0.38128235936165	50	0
3.6630001068115	0.92421144247055	-0.3813861310482	50	0
3.6640000343323	0.92416799068451	-0.3814899623394	50	0
3.664999961853	0.92412436008453	-0.38159376382828	50	0
3.6659998893738	0.92408084869385	-0.38169759511948	50	0
3.6670000553131	0.92403721809387	-0.38180136680603	50	0
3.6679999828339	0.92399370670319	-0.38190516829491	50	0
3.6689999103546	0.92395013570786	-0.38200896978378	50	0
3.6700000762939	0.92390644550323	-0.38211277127266	50	0
3.6710000038147	0.9238628745079	-0.38221660256386	50	0
3.6719999313354	0.92381918430328	-0.38232040405273	50	0
3.6730000972748	0.92377549409866	-0.38242420554161	50	0
3.6740000247955	0.92373186349869	-0.38252800703049	50	0
3.6749999523163	0.92368811368942	-0.38263180851936	50	0
3.6760001182556	0.92364436388016	-0.38273563981056	50	0
3.6770000457764	0.92360067367554	-0.38283941149712	50	0
3.6779999732971	0.92355692386627	-0.38294321298599	50	0
3.6789999008179	0.92351317405701	-0.38304704427719	50	0
3.6800000667572	0.9234693646431	-0.38315090537071	50	0
3.680999994278	0.92342555522919	-0.38325470685959	50	0
3.6819999217987	0.92338168621063	-0.38335850834846	50	0
3.683000087738	0.92333793640137	-0.38346233963966	50	0
3.6840000152588	0.92329406738281	-0.38356617093086	50	0
3.6849999427795	0.92325013875961	-0.38366997241974	50	0
3.6860001087189	0.92320626974106	-0.38377383351326	50	0
3.6870000362396	0.92316234111786	-0.38387760519981	50	0
3.6879999637604	0.9231184720993	-0.38398143649101	50	0
3.6889998912811	0.92307442426682	-0.38408526778221	50	0
3.6900000572205	0.92303055524826	-0.38418906927109	50	0
3.6909999847412	0.92298650741577	-0.38429293036461	50	0
3.691999912262	0.92294251918793	-0.38439676165581	50	0
3.6930000782013	0.92289859056473	-0.38450056314468	50	0
3.694000005722	0.92285454273224	-0.38460436463356	50	0
3.6949999332428	0.92281049489975	-0.38470819592476	50	0
3.6960000991821	0.92276644706726	-0.38481205701828	50	0
3.6970000267029	0.92272239923477	-0.3849159181118	50	0
3.6979999542236	0.92267829179764	-0.38501971960068	50	0
3.6989998817444	0.92263412475586	-0.3851235806942	50	0
3.7000000476837	0.92259007692337	-0.38522738218307	50	0
3.7009999752045	0.92254590988159	-0.38533121347427	50	0
3.7019999027252	0.92250174283981	-0.38543504476547	50	0
3.7030000686646	0.92245757579803	-0.38553890585899	50	0
3.7039999961853	0.92241328954697	-0.38564273715019	50	0
3.7049999237061	0.92236906290054	-0.38574653863907	50	0
3.7060000896454	0.92232489585876	-0.38585042953491	50	0
3.7070000171661	0.92228066921234	-0.38595423102379	50	0
3.7079999446869	0.92223644256592	-0.38605806231499	50	0
3.7090001106262	0.92219209671021	-0.38616189360619	50	0
3.710000038147	0.92214781045914	-0.38626575469971	50	0
3.7109999656677	0.92210346460342	-0.38636958599091	50	0
3.7119998931885	0.92205917835236	-0.38647344708443	50	0
3.7130000591278	0.92201471328735	-0.38657727837563	50	0
3.7139999866486	0.92197042703629	-0.38668113946915	50	0
3.7149999141693	0.92192614078522	-0.38678497076035	50	0
3.7160000801086	0.92188167572021	-0.38688883185387	50	0
3.7170000076294	0.92183721065521	-0.38699269294739	50	0
3.7179999351501	0.92179274559021	-0.38709652423859	50	0
3.7190001010895	0.92174828052521	-0.38720038533211	50	0
3.7200000286102	0.92170387506485	-0.38730421662331	50	0
3.720999956131	0.92165940999985	-0.38740807771683	50	0
3.7219998836517	0.92161482572556	-0.38751193881035	50	0
3.7230000495911	0.92157036066055	-0.38761579990387	50	0
3.7239999771118	0.92152571678162	-0.38771963119507	50	0
3.7249999046326	0.92148119211197	-0.38782352209091	50	0
3.7260000705719	0.92143666744232	-0.38792732357979	50	0
3.7269999980927	0.92139202356339	-0.38803118467331	50	0
3.7279999256134	0.92134737968445	-0.38813507556915	50	0
3.7290000915527	0.92130279541016	-0.38823893666267	50	0
3.7300000190735	0.92125821113586	-0.3883427977562	50	0
3.7309999465942	0.92121344804764	-0.38844662904739	50	0
3.7320001125336	0.9211688041687	-0.38855051994324	50	0
3.7330000400543	0.92112404108047	-0.38865435123444	50	0
3.7339999675751	0.92107939720154	-0.38875824213028	50	0
3.7349998950958	0.92103469371796	-0.38886213302612	50	0
3.7360000610352	0.92098993062973	-0.38896596431732	50	0
3.7369999885559	0.9209451675415	-0.38906982541084	50	0
3.7379999160767	0.92090040445328	-0.38917374610901	50	0
3.739000082016	0.92085552215576	-0.38927757740021	50	0
3.7400000095367	0.92081069946289	-0.38938143849373	50	0
3.7409999370575	0.92076587677002	-0.38948529958725	50	0
3.7420001029968	0.9207209944725	-0.38958922028542	50	0
3.7430000305176	0.92067611217499	-0.38969302177429	50	0
3.7439999580383	0.92063122987747	-0.38979691267014	50	0
3.7449998855591	0.92058628797531	-0.38990080356598	50	0
3.7460000514984	0.92054134607315	-0.3900046646595	50	0
3.7469999790192	0.92049646377563	-0.39010855555534	50	0
3.7479999065399	0.92045146226883	-0.39021244645119	50	0
3.7490000724792	0.92040646076202	-0.39031630754471	50	0
3.75	0.92036151885986	-0.39042016863823	50	0
3.7509999275208	0.92031651735306	-0.39052405953407	50	0
3.7520000934601	0.92027139663696	-0.39062795042992	50	0
3.7530000209808	0.92022633552551	-0.39073181152344	50	0
3.7539999485016	0.92018127441406	-0.39083567261696	50	0
3.7550001144409	0.92013627290726	-0.39093959331512	50	0
3.7560000419617	0.92009115219116	-0.39104345440865	50	0
3.7569999694824	0.92004597187042	-0.39114734530449	50	0
3.7579998970032	0.92000085115433	-0.39125126600266	50	0
3.7590000629425	0.91995561122894	-0.39135509729385	50	0
3.7599999904633	0.9199104309082	-0.39145895838737	50	0
3.760999917984	0.91986525058746	-0.39156290888786	50	0
3.7620000839233	0.91982001066208	-0.39166676998138	50	0
3.7630000114441	0.91977483034134	-0.39177066087723	50	0
3.7639999389648	0.91972953081131	-0.39187455177307	50	0
3.7650001049042	0.91968429088593	-0.39197844266891	50	0
3.7660000324249	0.9196389913559	-0.39208233356476	50	0
3.7669999599457	0.91959363222122	-0.39218619465828	50	0
3.7679998874664	0.91954833269119	-0.39229014515877	50	0
3.7690000534058	0.91950297355652	-0.39239400625229	50	0
3.7699999809265	0.91945761442184	-0.39249792695045	50	0
3.7709999084473	0.91941219568253	-0.39260175824165	50	0
3.7720000743866	0.91936683654785	-0.39270567893982	50	0
3.7730000019073	0.91932135820389	-0.39280956983566	50	0
3.7739999294281	0.91927599906921	-0.39291343092918	50	0
3.7750000953674	0.91923046112061	-0.39301738142967	50	0
3.7760000228882	0.91918504238129	-0.39312127232552	50	0
3.7769999504089	0.91913956403732	-0.39322519302368	50	0
3.7780001163483	0.91909408569336	-0.3933290541172	50	0
3.779000043869	0.91904842853546	-0.39343294501305	50	0
3.7799999713898	0.9190029501915	-0.39353686571121	50	0
3.7809998989105	0.91895735263824	-0.39364078640938	50	0
3.7820000648499	0.91891181468964	-0.39374467730522	50	0
3.7829999923706	0.91886621713638	-0.39384859800339	50	0
3.7839999198914	0.91882055997849	-0.39395248889923	50	0
3.7850000858307	0.91877496242523	-0.39405637979507	50	0
3.7860000133514	0.91872924566269	-0.39416033029556	50	0
3.7869999408722	0.91868352890015	-0.39426419138908	50	0
3.7880001068115	0.91863793134689	-0.39436814188957	50	0
3.7890000343323	0.91859221458435	-0.39447203278542	50	0
3.789999961853	0.91854649782181	-0.39457595348358	50	0
3.7909998893738	0.91850066184998	-0.3946798145771	50	0
3.7920000553131	0.91845488548279	-0.39478376507759	50	0
3.7929999828339	0.91840916872025	-0.39488768577576	50	0
3.7939999103546	0.91836333274841	-0.3949915766716	50	0
3.7950000762939	0.91831749677658	-0.39509546756744	50	0
3.7960000038147	0.91827166080475	-0.39519938826561	50	0
3.7969999313354	0.91822576522827	-0.39530330896378	50	0
3.7980000972748	0.91817992925644	-0.39540722966194	50	0
3.7990000247955	0.91813397407532	-0.39551115036011	50	0
3.7999999523163	0.91808807849884	-0.39561504125595	50	0
3.8010001182556	0.91804218292236	-0.39571896195412	50	0
3.8020000457764	0.91799622774124	-0.39582288265228	50	0
3.8029999732971	0.91795021295547	-0.39592683315277	50	0
3.8039999008179	0.91790419816971	-0.39603069424629	50	0
3.8050000667572	0.91785818338394	-0.39613464474678	50	0
3.805999994278	0.91781216859818	-0.39623859524727	50	0
3.8069999217987	0.91776609420776	-0.39634248614311	50	0
3.808000087738	0.91772001981735	-0.39644640684128	50	0
3.8090000152588	0.9176738858223	-0.39655035734177	50	0
3.8099999427795	0.91762781143188	-0.39665424823761	50	0
3.8110001087189	0.91758173704147	-0.39675816893578	50	0
3.8120000362396	0.91753554344177	-0.39686208963394	50	0
3.8129999637604	0.91748934984207	-0.39696604013443	50	0
3.8139998912811	0.91744321584702	-0.3970699608326	50	0
3.8150000572205	0.91739702224731	-0.39717382192612	50	0
3.8159999847412	0.91735076904297	-0.39727777242661	50	0
3.816999912262	0.91730451583862	-0.39738175272942	50	0
3.8180000782013	0.91725826263428	-0.39748567342758	50	0
3.819000005722	0.91721194982529	-0.39758956432343	50	0
3.8199999332428	0.9171656370163	-0.39769348502159	50	0
3.8210000991821	0.91711932420731	-0.39779743552208	50	0
3.8220000267029	0.91707301139832	-0.39790138602257	50	0
3.8229999542236	0.91702669858932	-0.39800530672073	50	0
3.8239998817444	0.91698026657104	-0.3981092274189	50	0
3.8250000476837	0.91693383455276	-0.39821314811707	50	0
3.8259999752045	0.91688746213913	-0.39831709861755	50	0
3.8269999027252	0.9168409705162	-0.39842101931572	50	0
3.8280000686646	0.91679459810257	-0.39852494001389	50	0
3.8289999961853	0.91674810647964	-0.39862889051437	50	0
3.8299999237061	0.91670167446136	-0.39873281121254	50	0
3.8310000896454	0.9166551232338	-0.39883676171303	50	0
3.8320000171661	0.91660851240158	-0.39894068241119	50	0
3.8329999446869	0.91656202077866	-0.39904463291168	50	0
3.8340001106262	0.9165153503418	-0.39914858341217	50	0
3.835000038147	0.91646879911423	-0.39925250411034	50	0
3.8359999656677	0.91642224788666	-0.39935645461082	50	0
3.8369998931885	0.9163755774498	-0.39946037530899	50	0
3.8380000591278	0.91632896661758	-0.39956429600716	50	0
3.8389999866486	0.91628229618073	-0.39966824650764	50	0
3.8399999141693	0.91623550653458	-0.39977219700813	50	0
3.8410000801086	0.91618889570236	-0.39987614750862	50	0
3.8420000076294	0.91614210605621	-0.39998033642769	50	0
3.8429999351501	0.91609537601471	-0.40008425712585	50	0
3.8440001010895	0.91604864597321	-0.4001881480217	50	0
3.8450000286102	0.91600185632706	-0.40029203891754	50	0
3.845999956131	0.91595506668091	-0.40039592981339	50	0
3.8469998836517	0.91590821743011	-0.40049979090691	50	0
3.8480000495911	0.91586142778397	-0.40060365200043	50	0
3.8489999771118	0.91581463813782	-0.40070754289627	50	0
3.8499999046326	0.91576784849167	-0.40081137418747	50	0
3.8510000705719	0.91572082042694	-0.40091568231583	50	0
3.8519999980927	0.9156739115715	-0.40101951360703	50	0
3.8529999256134	0.91562694311142	-0.4011233150959	50	0
3.8540000915527	0.91557985544205	-0.40122756361961	50	0
3.8550000190735	0.91553294658661	-0.40133139491081	50	0
3.8559999465942	0.91548573970795	-0.40143564343452	50	0
3.8570001125336	0.91543877124786	-0.4015394449234	50	0
3.8580000400543	0.91539186239243	-0.40164324641228	50	0
3.8589999675751	0.91534489393234	-0.40174701809883	50	0
3.8599998950958	0.91529768705368	-0.40185105800629	50	0
3.8610000610352	0.91525053977966	-0.40195500850677	50	0
3.8619999885559	0.91520345211029	-0.40205895900726	50	0
3.8629999160767	0.91515624523163	-0.40216290950775	50	0
3.864000082016	0.91510915756226	-0.40226683020592	50	0
3.8650000095367	0.91506201028824	-0.40237081050873	50	0
3.8659999370575	0.91501480340958	-0.40247476100922	50	0
3.8670001029968	0.91496759653091	-0.40257868170738	50	0
3.8680000305176	0.91492038965225	-0.40268263220787	50	0
3.8689999580383	0.9148730635643	-0.40278658270836	50	0
3.8699998855591	0.91482573747635	-0.40289053320885	50	0
3.8710000514984	0.9147784113884	-0.40299448370934	50	0
3.8719999790192	0.91473114490509	-0.40309846401215	50	0
3.8729999065399	0.91468375921249	-0.40320235490799	50	0
3.8740000724792	0.91463631391525	-0.40330630540848	50	0
3.875	0.91458904743195	-0.40341025590897	50	0
3.8759999275208	0.9145416021347	-0.40351420640945	50	0
3.8770000934601	0.91449415683746	-0.40361818671227	50	0
3.8780000209808	0.91444671154022	-0.40372210741043	50	0
3.8789999485016	0.91439926624298	-0.40382605791092	50	0
3.8800001144409	0.91435176134109	-0.40393000841141	50	0
3.8810000419617	0.91430425643921	-0.40403398871422	50	0
3.8819999694824	0.91425669193268	-0.40413790941238	50	0
3.8829998970032	0.91420918703079	-0.40424185991287	50	0
3.8840000629425	0.91416168212891	-0.40434581041336	50	0
3.8849999904633	0.91411399841309	-0.40444979071617	50	0
3.885999917984	0.91406643390656	-0.40455374121666	50	0
3.8870000839233	0.91401880979538	-0.4046576321125	50	0
3.8880000114441	0.9139711856842	-0.40476167201996	50	0
3.8889999389648	0.91392350196838	-0.40486559271812	50	0
3.8900001049042	0.91387575864792	-0.40496951341629	50	0
3.8910000324249	0.91382801532745	-0.4050734937191	50	0
3.8919999599457	0.91378039121628	-0.40517744421959	50	0
3.8929998874664	0.91373258829117	-0.40528139472008	50	0
3.8940000534058	0.91368478536606	-0.40538534522057	50	0
3.8949999809265	0.91363704204559	-0.40548932552338	50	0
3.8959999084473	0.91358917951584	-0.40559324622154	50	0
3.8970000743866	0.91354131698608	-0.40569719672203	50	0
3.8980000019073	0.91349351406097	-0.4058011174202	50	0
3.8989999294281	0.91344559192657	-0.40590506792068	50	0
3.9000000953674	0.91339772939682	-0.4060090482235	50	0
3.9010000228882	0.91334986686707	-0.40611296892166	50	0
3.9019999504089	0.91330182552338	-0.40621694922447	50	0
3.9030001163483	0.91325390338898	-0.40632086992264	50	0
3.904000043869	0.91320592164993	-0.40642482042313	50	0
3.9049999713898	0.91315788030624	-0.40652880072594	50	0
3.9059998989105	0.9131098985672	-0.40663275122643	50	0
3.9070000648499	0.91306185722351	-0.40673670172691	50	0
3.9079999923706	0.91301375627518	-0.4068406522274	50	0
3.9089999198914	0.91296571493149	-0.40694463253021	50	0
3.9100000858307	0.91291755437851	-0.40704855322838	50	0
3.9110000133514	0.91286951303482	-0.40715247392654	50	0
3.9119999408722	0.91282135248184	-0.40725645422935	50	0
3.9130001068115	0.91277313232422	-0.40736040472984	50	0
3.9140000343323	0.9127249121666	-0.40746438503265	50	0
3.914999961853	0.91267675161362	-0.40756830573082	50	0
3.9159998893738	0.91262847185135	-0.40767222642899	50	0
3.9170000553131	0.91258019208908	-0.4077762067318	50	0
3.9179999828339	0.91253191232681	-0.40788015723228	50	0
3.9189999103546	0.9124835729599	-0.40798410773277	50	0
3.9200000762939	0.91243529319763	-0.40808802843094	50	0
3.9210000038147	0.91238701343536	-0.40819197893143	50	0
3.9219999313354	0.91233867406845	-0.40829592943192	50	0
3.9230000972748	0.91229021549225	-0.4083998799324	50	0
3.9240000247955	0.91224181652069	-0.40850380063057	50	0
3.9249999523163	0.91219341754913	-0.40860775113106	50	0
3.9260001182556	0.91214495897293	-0.40871173143387	50	0
3.9270000457764	0.91209644079208	-0.40881562232971	50	0
3.9279999732971	0.91204798221588	-0.40891960263252	50	0
3.9289999008179	0.91199946403503	-0.40902352333069	50	0
3.9300000667572	0.91195094585419	-0.40912747383118	50	0
3.930999994278	0.91190242767334	-0.40923145413399	50	0
3.9319999217987	0.9118537902832	-0.40933534502983	50	0
3.933000087738	0.91180527210236	-0.40943932533264	50	0
3.9340000152588	0.91175657510757	-0.40954327583313	50	0
3.9349999427795	0.91170793771744	-0.40964716672897	50	0
3.9360001087189	0.9116593003273	-0.40975111722946	50	0
3.9370000362396	0.91161060333252	-0.40985506772995	50	0
3.9379999637604	0.91156190633774	-0.40995901823044	50	0
3.9389998912811	0.91151314973831	-0.41006296873093	50	0
3.9400000572205	0.91146439313889	-0.41016685962677	50	0
3.9409999847412	0.9114156961441	-0.41027081012726	50	0
3.941999912262	0.91136682033539	-0.41037476062775	50	0
3.9430000782013	0.91131800413132	-0.41047874093056	50	0
3.944000005722	0.91126918792725	-0.4105826318264	50	0
3.9449999332428	0.91122031211853	-0.41068655252457	50	0
3.9460000991821	0.91117149591446	-0.41079050302505	50	0
3.9470000267029	0.91112250089645	-0.41089442372322	50	0
3.9479999542236	0.91107362508774	-0.41099837422371	50	0
3.9489998817444	0.91102468967438	-0.41110229492188	50	0
3.9500000476837	0.91097569465637	-0.41120621562004	50	0
3.9509999752045	0.91092669963837	-0.41131019592285	50	0
3.9519999027252	0.91087770462036	-0.41141411662102	50	0
3.9530000686646	0.91082864999771	-0.41151800751686	50	0
3.9539999961853	0.91077959537506	-0.41162195801735	50	0
3.9549999237061	0.91073054075241	-0.41172584891319	50	0
3.9560000896454	0.91068136692047	-0.41182976961136	50	0
3.9570000171661	0.91063231229782	-0.41193374991417	50	0
3.9579999446869	0.91058307886124	-0.41203764081001	50	0
3.9590001106262	0.91053396463394	-0.41214153170586	50	0
3.960000038147	0.91048485040665	-0.41224548220634	50	0
3.9609999656677	0.91043549776077	-0.41234940290451	50	0
3.9619998931885	0.91038638353348	-0.41245332360268	50	0
3.9630000591278	0.9103370308876	-0.41255724430084	50	0
3.9639999866486	0.91028779745102	-0.41266119480133	50	0
3.9649999141693	0.91023850440979	-0.41276505589485	50	0
3.9660000801086	0.91018915176392	-0.41286900639534	50	0
3.9670000076294	0.91013985872269	-0.41297289729118	50	0
3.9679999351501	0.91009038686752	-0.41307681798935	50	0
3.9690001010895	0.91004103422165	-0.41318073868752	50	0
3.9700000286102	0.90999162197113	-0.41328462958336	50	0
3.970999956131	0.90994220972061	-0.41338855028152	50	0
3.9719998836517	0.90989279747009	-0.41349244117737	50	0
3.9730000495911	0.90984332561493	-0.41359639167786	50	0
3.9739999771118	0.90979379415512	-0.41370031237602	50	0
3.9749999046326	0.90974426269531	-0.41380417346954	50	0
3.9760000705719	0.90969479084015	-0.41390809416771	50	0
3.9769999980927	0.9096451997757	-0.41401201486588	50	0
3.9779999256134	0.9095955491066	-0.41411593556404	50	0
3.9790000915527	0.9095458984375	-0.41421979665756	50	0
3.9800000190735	0.9094962477684	-0.41432368755341	50	0
3.9809999465942	0.90944665670395	-0.41442763805389	50	0
3.9820001125336	0.90939694643021	-0.41453149914742	50	0
3.9830000400543	0.90934717655182	-0.41463539004326	50	0
3.9839999675751	0.90929752588272	-0.4147392809391	50	0
3.9849998950958	0.90924769639969	-0.41484317183495	50	0
3.9860000610352	0.9091979265213	-0.41494706273079	50	0
3.9869999885559	0.90914815664291	-0.41505098342896	50	0
3.9879999160767	0.90909838676453	-0.4151548743248	50	0
3.989000082016	0.90904849767685	-0.41525873541832	50	0
3.9900000095367	0.90899866819382	-0.41536259651184	50	0
3.9909999370575	0.9089487195015	-0.41546654701233	50	0
3.9920001029968	0.90889889001846	-0.41557040810585	50	0
3.9930000305176	0.90884900093079	-0.41567426919937	50	0
3.9939999580383	0.90879899263382	-0.41577813029289	50	0
3.9949998855591	0.90874892473221	-0.41588202118874	50	0
3.9960000514984	0.90869891643524	-0.41598591208458	50	0
3.9969999790192	0.90864896774292	-0.41608980298042	50	0
3.9979999065399	0.90859889984131	-0.41619366407394	50	0
3.9990000724792	0.90854877233505	-0.41629752516747	50	0
4	0.90849876403809	-0.41640138626099	50	0
4.0009999275208	0.90844869613647	-0.41650524735451	50	0
4.0019998550415	0.90839844942093	-0.41660910844803	50	0
4.0029997825623	0.90834838151932	-0.41671299934387	50	0
4.0040001869202	0.90829813480377	-0.41681680083275	50	0
4.0050001144409	0.90824794769287	-0.41692069172859	50	0
4.0060000419617	0.90819776058197	-0.41702455282211	50	0
4.0069999694824	0.90814739465714	-0.41712844371796	50	0
4.0079998970032	0.9080970287323	-0.41723224520683	50	0
4.0089998245239	0.9080468416214	-0.41733610630035	50	0
4.0100002288818	0.90799659490585	-0.41743996739388	50	0
4.0110001564026	0.90794616937637	-0.4175438284874	50	0
4.0120000839233	0.90789574384689	-0.41764762997627	50	0
4.0130000114441	0.90784537792206	-0.41775149106979	50	0
4.0139999389648	0.90779489278793	-0.41785535216331	50	0
4.0149998664856	0.90774458646774	-0.41795921325684	50	0
4.0159997940063	0.90769398212433	-0.41806301474571	50	0
4.0170001983643	0.90764355659485	-0.41816687583923	50	0
4.018000125885	0.90759307146072	-0.41827070713043	50	0
4.0190000534058	0.90754252672195	-0.41837450861931	50	0
4.0199999809265	0.9074918627739	-0.41847836971283	50	0
4.0209999084473	0.90744137763977	-0.41858217120171	50	0
4.021999835968	0.90739077329636	-0.41868603229523	50	0
4.0229997634888	0.9073401093483	-0.4187898337841	50	0
4.0240001678467	0.90728944540024	-0.41889363527298	50	0
4.0250000953674	0.90723884105682	-0.4189974963665	50	0
4.0260000228882	0.90718805789948	-0.41910126805305	50	0
4.0269999504089	0.90713733434677	-0.41920509934425	50	0
4.0279998779297	0.90708655118942	-0.41930890083313	50	0
4.0289998054504	0.90703576803207	-0.41941270232201	50	0
4.0300002098083	0.90698498487473	-0.41951650381088	50	0
4.0310001373291	0.90693414211273	-0.4196203649044	50	0
4.0320000648499	0.90688329935074	-0.41972410678864	50	0
4.0329999923706	0.90683245658875	-0.41982793807983	50	0
4.0339999198914	0.90678155422211	-0.41993173956871	50	0
4.0349998474121	0.90673065185547	-0.42003551125526	50	0
4.0359997749329	0.90667974948883	-0.42013931274414	50	0
4.0370001792908	0.90662878751755	-0.42024311423302	50	0
4.0380001068115	0.90657782554626	-0.42034685611725	50	0
4.0390000343323	0.90652674436569	-0.42045065760612	50	0
4.039999961853	0.90647572278976	-0.42055442929268	50	0
4.0409998893738	0.90642470121384	-0.42065820097923	50	0
4.0419998168945	0.90637350082397	-0.42076200246811	50	0
4.0430002212524	0.90632247924805	-0.42086571455002	50	0
4.0440001487732	0.90627139806747	-0.42096954584122	50	0
4.0450000762939	0.90622019767761	-0.42107328772545	50	0
4.0460000038147	0.90616893768311	-0.42117708921432	50	0
4.0469999313354	0.90611773729324	-0.42128077149391	50	0
4.0479998588562	0.90606659650803	-0.42138457298279	50	0
4.048999786377	0.90601527690887	-0.4214882850647	50	0
4.0500001907349	0.90596407651901	-0.42159208655357	50	0
4.0510001182556	0.90591281652451	-0.42169579863548	50	0
4.0520000457764	0.90586143732071	-0.42179957032204	50	0
4.0529999732971	0.90580999851227	-0.42190325260162	50	0
4.0539999008179	0.90575867891312	-0.42200699448586	50	0
4.0549998283386	0.90570729970932	-0.42211079597473	50	0
4.0560002326965	0.90565586090088	-0.42221447825432	50	0
4.0570001602173	0.90560436248779	-0.42231822013855	50	0
4.058000087738	0.90555292367935	-0.42242193222046	50	0
4.0590000152588	0.90550148487091	-0.42252564430237	50	0
4.0599999427795	0.90544998645782	-0.42262941598892	50	0
4.0609998703003	0.90539842844009	-0.42273309826851	50	0
4.061999797821	0.90534675121307	-0.4228367805481	50	0
4.063000202179	0.90529525279999	-0.42294055223465	50	0
4.0640001296997	0.90524357557297	-0.42304420471191	50	0
4.0650000572205	0.90519195795059	-0.42314791679382	50	0
4.0659999847412	0.90514034032822	-0.42325162887573	50	0
4.066999912262	0.90508854389191	-0.42335531115532	50	0
4.0679998397827	0.90503692626953	-0.42345902323723	50	0
4.0689997673035	0.90498518943787	-0.42356270551682	50	0
4.0700001716614	0.90493339300156	-0.42366641759872	50	0
4.0710000991821	0.9048815369606	-0.42377004027367	50	0
4.0720000267029	0.90482980012894	-0.42387375235558	50	0
4.0729999542236	0.90477800369263	-0.42397737503052	50	0
4.0739998817444	0.90472608804703	-0.4240810573101	50	0
4.0749998092651	0.90467423200607	-0.42418473958969	50	0
4.076000213623	0.90462237596512	-0.42428839206696	50	0
4.0770001411438	0.90457040071487	-0.42439204454422	50	0
4.0780000686646	0.90451842546463	-0.42449572682381	50	0
4.0789999961853	0.9044663310051	-0.42459934949875	50	0
4.0799999237061	0.9044144153595	-0.42470297217369	50	0
4.0809998512268	0.90436232089996	-0.42480662465096	50	0
4.0819997787476	0.90431034564972	-0.4249102473259	50	0
4.0830001831055	0.90425825119019	-0.42501389980316	50	0
4.0840001106262	0.90420609712601	-0.42511749267578	50	0
4.085000038147	0.90415394306183	-0.42522114515305	50	0
4.0859999656677	0.90410190820694	-0.42532479763031	50	0
4.0869998931885	0.90404963493347	-0.42542839050293	50	0
4.0879998207092	0.90399742126465	-0.42553198337555	50	0
4.0890002250671	0.90394520759583	-0.42563560605049	50	0
4.0900001525879	0.903892993927	-0.42573919892311	50	0
4.0910000801086	0.90384066104889	-0.42584282159805	50	0
4.0920000076294	0.90378832817078	-0.42594638466835	50	0
4.0929999351501	0.90373599529266	-0.42604997754097	50	0
4.0939998626709	0.90368366241455	-0.42615357041359	50	0
4.0949997901917	0.90363126993179	-0.42625713348389	50	0
4.0960001945496	0.90357893705368	-0.42636072635651	50	0
4.0970001220703	0.90352654457092	-0.4264642894268	50	0
4.0980000495911	0.90347409248352	-0.42656788229942	50	0
4.0989999771118	0.90342152118683	-0.42667138576508	50	0
4.0999999046326	0.90336900949478	-0.4267749786377	50	0
4.1009998321533	0.90331643819809	-0.42687851190567	50	0
4.1020002365112	0.9032638669014	-0.42698207497597	50	0
4.103000164032	0.90321135520935	-0.42708560824394	50	0
4.1040000915527	0.90315878391266	-0.42718914151192	50	0
4.1050000190735	0.90310609340668	-0.42729270458221	50	0
4.1059999465942	0.90305346250534	-0.42739620804787	50	0
4.106999874115	0.903000831604	-0.42749974131584	50	0
4.1079998016357	0.90294802188873	-0.42760324478149	50	0
4.1090002059937	0.90289527177811	-0.42770677804947	50	0
4.1100001335144	0.90284252166748	-0.42781028151512	50	0
4.1110000610352	0.9027898311615	-0.42791378498077	50	0
4.1119999885559	0.90273702144623	-0.4280172586441	50	0
4.1129999160767	0.90268415212631	-0.42812079191208	50	0
4.1139998435974	0.90263134241104	-0.42822426557541	50	0
4.1149997711182	0.90257841348648	-0.42832776904106	50	0
4.1160001754761	0.90252548456192	-0.42843124270439	50	0
4.1170001029968	0.902472615242	-0.42853471636772	50	0
4.1180000305176	0.9024196267128	-0.42863816022873	50	0
4.1189999580383	0.90236657857895	-0.42874163389206	50	0
4.1199998855591	0.90231364965439	-0.42884504795074	50	0
4.1209998130798	0.90226060152054	-0.42894852161407	50	0
4.1220002174377	0.90220749378204	-0.42905223369598	50	0
4.1230001449585	0.90215462446213	-0.42915526032448	50	0
4.1240000724792	0.90210151672363	-0.42925873398781	50	0
4.125	0.90204817056656	-0.42936256527901	50	0
4.1259999275208	0.90199518203735	-0.42946556210518	50	0
4.1269998550415	0.90194177627563	-0.4295694231987	50	0
4.1279997825623	0.90188878774643	-0.42967239022255	50	0
4.1290001869202	0.90183544158936	-0.42977622151375	50	0
4.1300001144409	0.90178233385086	-0.4298791885376	50	0
4.1310000419617	0.9017288684845	-0.42998296022415	50	0
4.1319999694824	0.90167558193207	-0.43008634448051	50	0
4.1329998970032	0.90162229537964	-0.43018966913223	50	0
4.1339998245239	0.90156888961792	-0.43029302358627	50	0
4.1350002288818	0.90151554346085	-0.43039631843567	50	0
4.1360001564026	0.90146213769913	-0.43049961328506	50	0
4.1370000839233	0.90140879154205	-0.43060293793678	50	0
4.1380000114441	0.90135532617569	-0.43070620298386	50	0
4.1389999389648	0.90130168199539	-0.43080991506577	50	0
4.1399998664856	0.90124815702438	-0.43091315031052	50	0
4.1409997940063	0.90119469165802	-0.43101641535759	50	0
4.1420001983643	0.90114104747772	-0.43111965060234	50	0
4.143000125885	0.90108758211136	-0.43122300505638	50	0
4.1440000534058	0.90103387832642	-0.4313263297081	50	0
4.1449999809265	0.90098023414612	-0.43142959475517	50	0
4.1459999084473	0.90092653036118	-0.43153288960457	50	0
4.146999835968	0.90087288618088	-0.43163618445396	50	0
4.1479997634888	0.90081912279129	-0.43173947930336	50	0
4.1490001678467	0.90076547861099	-0.43184274435043	50	0
4.1500000953674	0.90071165561676	-0.43194603919983	50	0
4.1510000228882	0.90065783262253	-0.4320493042469	50	0
4.1519999504089	0.9006040096283	-0.43215256929398	50	0
4.1529998779297	0.90055024623871	-0.43225583434105	50	0
4.1539998054504	0.90049630403519	-0.4323590695858	50	0
4.1550002098083	0.90044248104095	-0.43246233463287	50	0
4.1560001373291	0.90038853883743	-0.43256556987762	50	0
4.1570000648499	0.90033459663391	-0.4326688349247	50	0
4.1579999923706	0.90028065443039	-0.4327720105648	50	0
4.1589999198914	0.90022659301758	-0.43287521600723	50	0
4.1599998474121	0.90017265081406	-0.43297842144966	50	0
4.1609997749329	0.90011858940125	-0.43308165669441	50	0
4.1620001792908	0.90006452798843	-0.43318483233452	50	0
4.1630001068115	0.90001040697098	-0.43328800797462	50	0
4.1640000343323	0.89995628595352	-0.43339118361473	50	0
4.164999961853	0.89990210533142	-0.43349435925484	50	0
4.1659998893738	0.89984792470932	-0.43359750509262	50	0
4.1669998168945	0.89979380369186	-0.43370071053505	50	0
4.1680002212524	0.89973956346512	-0.43380385637283	50	0
4.1690001487732	0.89968532323837	-0.43390700221062	50	0
4.1700000762939	0.89963102340698	-0.4340101480484	50	0
4.1710000038147	0.89957666397095	-0.43411326408386	50	0
4.1719999313354	0.89952248334885	-0.43421638011932	50	0
4.1729998588562	0.89946800470352	-0.43431946635246	50	0
4.173999786377	0.89941364526749	-0.43442258238792	50	0
4.1750001907349	0.89935928583145	-0.43452566862106	50	0
4.1760001182556	0.89930480718613	-0.4346287548542	50	0
4.1770000457764	0.89925044775009	-0.43473184108734	50	0
4.1779999732971	0.89919584989548	-0.43483492732048	50	0
4.1789999008179	0.89914137125015	-0.43493801355362	50	0
4.1799998283386	0.89908689260483	-0.43504106998444	50	0
4.1810002326965	0.89903229475021	-0.43514412641525	50	0
4.1820001602173	0.8989776968956	-0.43524721264839	50	0
4.183000087738	0.89892315864563	-0.43535020947456	50	0
4.1840000152588	0.89886850118637	-0.43545323610306	50	0
4.1849999427795	0.89881390333176	-0.43555626273155	50	0
4.1859998703003	0.89875912666321	-0.43565925955772	50	0
4.186999797821	0.8987044095993	-0.43576228618622	50	0
4.188000202179	0.89864975214005	-0.43586525321007	50	0
4.1890001296997	0.8985949754715	-0.43596825003624	50	0
4.1900000572205	0.8985401391983	-0.43607127666473	50	0
4.1909999847412	0.8984854221344	-0.43617421388626	50	0
4.191999912262	0.89843052625656	-0.43627715110779	50	0
4.1929998397827	0.89837574958801	-0.43638011813164	50	0
4.1939997673035	0.89832079410553	-0.43648308515549	50	0
4.1950001716614	0.89826589822769	-0.43658599257469	50	0
4.1960000991821	0.89821094274521	-0.43668895959854	50	0
4.1970000267029	0.89815592765808	-0.43679186701775	50	0
4.1979999542236	0.89810103178024	-0.43689477443695	50	0
4.1989998817444	0.89804601669312	-0.43699768185616	50	0
4.1999998092651	0.8979908823967	-0.43710055947304	50	0
4.201000213623	0.89793592691422	-0.43720346689224	50	0
4.2020001411438	0.89788085222244	-0.43730634450912	50	0
4.2030000686646	0.89782565832138	-0.43740922212601	50	0
4.2039999961853	0.89777052402496	-0.43751212954521	50	0
4.2049999237061	0.8977153301239	-0.43761491775513	50	0
4.2059998512268	0.89766013622284	-0.43771779537201	50	0
4.2069997787476	0.89760500192642	-0.43782061338425	50	0
4.2080001831055	0.89754974842072	-0.43792346119881	50	0
4.2090001106262	0.89749443531036	-0.43802624940872	50	0
4.210000038147	0.89743912220001	-0.43812906742096	50	0
4.2109999656677	0.89738380908966	-0.43823185563087	50	0
4.2119998931885	0.89732849597931	-0.43833467364311	50	0
4.2129998207092	0.8972732424736	-0.4384374320507	50	0
4.2140002250671	0.89721781015396	-0.4385401904583	50	0
4.2150001525879	0.89716237783432	-0.43864297866821	50	0
4.2160000801086	0.89710700511932	-0.43874573707581	50	0
4.2170000076294	0.89705151319504	-0.4388484954834	50	0
4.2179999351501	0.89699596166611	-0.43895119428635	50	0
4.2189998626709	0.89694046974182	-0.43905392289162	50	0
4.2199997901917	0.89688485860825	-0.43915665149689	50	0
4.2210001945496	0.89682936668396	-0.43925940990448	50	0
4.2220001220703	0.89677369594574	-0.43936204910278	50	0
4.2230000495911	0.89671808481216	-0.43946474790573	50	0
4.2239999771118	0.89666247367859	-0.43956744670868	50	0
4.2249999046326	0.89660680294037	-0.43967008590698	50	0
4.2259998321533	0.89655113220215	-0.43977275490761	50	0
4.2270002365112	0.89649546146393	-0.43987542390823	50	0
4.228000164032	0.89643961191177	-0.43997806310654	50	0
4.2290000915527	0.89638388156891	-0.44008067250252	50	0
4.2300000190735	0.8963280916214	-0.4401832818985	50	0
4.2309999465942	0.89627230167389	-0.44028595089912	50	0
4.231999874115	0.89621651172638	-0.44038853049278	50	0
4.2329998016357	0.89616048336029	-0.44049113988876	50	0
4.2340002059937	0.89610469341278	-0.4405936896801	50	0
4.2350001335144	0.89604878425598	-0.44069623947144	50	0
4.2360000610352	0.89599281549454	-0.44079881906509	50	0
4.2369999885559	0.89593684673309	-0.44090136885643	50	0
4.2379999160767	0.895880818367	-0.44100391864777	50	0
4.2389998435974	0.89582484960556	-0.4411064684391	50	0
4.2399997711182	0.89576870203018	-0.44120895862579	50	0
4.2410001754761	0.89571279287338	-0.44131150841713	50	0
4.2420001029968	0.89565670490265	-0.44141399860382	50	0
4.2430000305176	0.89560049772263	-0.44151648879051	50	0
4.2439999580383	0.89554440975189	-0.44161894917488	50	0
4.2449998855591	0.89548814296722	-0.44172146916389	50	0
4.2459998130798	0.89543199539185	-0.44182389974594	50	0
4.2470002174377	0.89537584781647	-0.44192636013031	50	0
4.2480001449585	0.89531952142715	-0.44202879071236	50	0
4.2490000724792	0.89526331424713	-0.4421312212944	50	0
4.25	0.89520692825317	-0.44223362207413	50	0
4.2509999275208	0.89515072107315	-0.44233605265617	50	0
4.2519998550415	0.89509427547455	-0.4424384534359	50	0
4.2529997825623	0.89503800868988	-0.44254088401794	50	0
4.2540001869202	0.89498150348663	-0.44264322519302	50	0
4.2550001144409	0.89492517709732	-0.4427455663681	50	0
4.2560000419617	0.89486867189407	-0.4428479373455	50	0
4.2569999694824	0.89481228590012	-0.44295027852058	50	0
4.2579998970032	0.89475572109222	-0.44305261969566	50	0
4.2589998245239	0.89469921588898	-0.44315493106842	50	0
4.2600002288818	0.89464271068573	-0.44325721263885	50	0
4.2610001564026	0.89458614587784	-0.44335955381393	50	0
4.2620000839233	0.89452958106995	-0.44346186518669	50	0
4.2630000114441	0.89447295665741	-0.4435641169548	50	0
4.2639999389648	0.89441633224487	-0.44366642832756	50	0
4.2649998664856	0.89435964822769	-0.44376868009567	50	0
4.2659997940063	0.89430296421051	-0.44387090206146	50	0
4.2670001983643	0.89424628019333	-0.44397312402725	50	0
4.268000125885	0.89418947696686	-0.44407534599304	50	0
4.2690000534058	0.89413267374039	-0.44417756795883	50	0
4.2699999809265	0.89407598972321	-0.44427978992462	50	0
4.2709999084473	0.89401918649673	-0.44438198208809	50	0
4.271999835968	0.89396232366562	-0.44448414444923	50	0
4.2729997634888	0.89390552043915	-0.44458630681038	50	0
4.2740001678467	0.89384859800339	-0.44468849897385	50	0
4.2750000953674	0.89379167556763	-0.44479063153267	50	0
4.2760000228882	0.89373481273651	-0.44489276409149	50	0
4.2769999504089	0.89367789030075	-0.44499486684799	50	0
4.2779998779297	0.89362090826035	-0.44509702920914	50	0
4.2789998054504	0.89356380701065	-0.44519913196564	50	0
4.2800002098083	0.89350688457489	-0.44530120491982	50	0
4.2810001373291	0.8934497833252	-0.44540324807167	50	0
4.2820000648499	0.8933926820755	-0.44550538063049	50	0
4.2829999923706	0.89333558082581	-0.44560742378235	50	0
4.2839999198914	0.89327847957611	-0.44570943713188	50	0
4.2849998474121	0.89322137832642	-0.44581151008606	50	0
4.2859997749329	0.89316421747208	-0.44591352343559	50	0
4.2870001792908	0.89310693740845	-0.4460155069828	50	0
4.2880001068115	0.89304965734482	-0.44611755013466	50	0
4.2890000343323	0.89299255609512	-0.44621953368187	50	0
4.289999961853	0.89293521642685	-0.44632148742676	50	0
4.2909998893738	0.89287793636322	-0.44642344117165	50	0
4.2919998168945	0.89282065629959	-0.44652542471886	50	0
4.2930002212524	0.89276325702667	-0.44662734866142	50	0
4.2940001487732	0.8927059173584	-0.44672933220863	50	0
4.2950000762939	0.89264851808548	-0.44683119654655	50	0
4.2960000038147	0.89259117841721	-0.4469330906868	50	0
4.2969999313354	0.89253371953964	-0.44703498482704	50	0
4.2979998588562	0.89247632026672	-0.44713690876961	50	0
4.298999786377	0.89241874217987	-0.44723874330521	50	0
4.3000001907349	0.89236122369766	-0.44734057784081	50	0
4.3010001182556	0.89230370521545	-0.44744247198105	50	0
4.3020000457764	0.8922461271286	-0.44754430651665	50	0
4.3029999732971	0.89218860864639	-0.44764614105225	50	0
4.3039999008179	0.89213091135025	-0.4477479159832	50	0
4.3049998283386	0.89207351207733	-0.44784972071648	50	0
4.3060002326965	0.89201581478119	-0.44795152544975	50	0
4.3070001602173	0.89195811748505	-0.44805324077606	50	0
4.308000087738	0.8919004201889	-0.44815504550934	50	0
4.3090000152588	0.89184266328812	-0.44825679063797	50	0
4.3099999427795	0.89178490638733	-0.44835850596428	50	0
4.3109998703003	0.89172714948654	-0.44846028089523	50	0
4.311999797821	0.89166939258575	-0.44856199622154	50	0
4.313000202179	0.89161157608032	-0.44866368174553	50	0
4.3140001296997	0.89155369997025	-0.44876536726952	50	0
4.3150000572205	0.89149588346481	-0.4488670527935	50	0
4.3159999847412	0.89143800735474	-0.44896870851517	50	0
4.316999912262	0.89138001203537	-0.44907036423683	50	0
4.3179998397827	0.89132213592529	-0.4491720199585	50	0
4.3189997673035	0.89126420021057	-0.44927361607552	50	0
4.3200001716614	0.8912062048912	-0.44937527179718	50	0
4.3210000991821	0.89114820957184	-0.4494768679142	50	0
4.3220000267029	0.89109021425247	-0.44957846403122	50	0
4.3229999542236	0.89103209972382	-0.44968006014824	50	0
4.3239998817444	0.89097422361374	-0.44978156685829	50	0
4.3249998092651	0.89091604948044	-0.44988313317299	50	0
4.326000213623	0.89085799455643	-0.44998469948769	50	0
4.3270001411438	0.89079976081848	-0.45008620619774	50	0
4.3280000686646	0.89074164628983	-0.45018771290779	50	0
4.3289999961853	0.89068347215652	-0.45028921961784	50	0
4.3299999237061	0.89062529802322	-0.45039075613022	50	0
4.3309998512268	0.89056700468063	-0.45049220323563	50	0
4.3319997787476	0.89050871133804	-0.45059370994568	50	0
4.3330001831055	0.8904504776001	-0.45069512724876	50	0
4.3340001106262	0.89039212465286	-0.45079657435417	50	0
4.335000038147	0.89033389091492	-0.45089802145958	50	0
4.3359999656677	0.89027553796768	-0.45099943876266	50	0
4.3369998931885	0.8902171254158	-0.45110082626343	50	0
4.3379998207092	0.89015877246857	-0.45120221376419	50	0
4.3390002250671	0.89010041952133	-0.45130363106728	50	0
4.3400001525879	0.89004194736481	-0.45140495896339	50	0
4.3410000801086	0.88998353481293	-0.45150631666183	50	0
4.3420000076294	0.8899250626564	-0.4516077041626	50	0
4.3429999351501	0.88986653089523	-0.45170900225639	50	0
4.3439998626709	0.88980805873871	-0.45181030035019	50	0
4.3449997901917	0.88974952697754	-0.45191159844398	50	0
4.3460001945496	0.88969093561172	-0.45201289653778	50	0
4.3470001220703	0.88963240385056	-0.45211419463158	50	0
4.3480000495911	0.8895737528801	-0.45221546292305	50	0
4.3489999771118	0.88951516151428	-0.4523167014122	50	0
4.3499999046326	0.88945645093918	-0.45241793990135	50	0
4.3509998321533	0.88939785957336	-0.45251914858818	50	0
4.3520002365112	0.88933914899826	-0.45262038707733	50	0
4.353000164032	0.88928037881851	-0.45272159576416	50	0
4.3540000915527	0.88922166824341	-0.45282277464867	50	0
4.3550000190735	0.88916289806366	-0.45292395353317	50	0
4.3559999465942	0.88910400867462	-0.45302513241768	50	0
4.356999874115	0.88904529809952	-0.45312628149986	50	0
4.3579998016357	0.88898640871048	-0.45322740077972	50	0
4.3590002059937	0.88892757892609	-0.45332854986191	50	0
4.3600001335144	0.8888686299324	-0.45342963933945	50	0
4.3610000610352	0.88880980014801	-0.45353075861931	50	0
4.3619999885559	0.88875085115433	-0.45363184809685	50	0
4.3629999160767	0.88869196176529	-0.45373290777206	50	0
4.3639998435974	0.88863301277161	-0.45383396744728	50	0
4.3649997711182	0.88857400417328	-0.4539350271225	50	0
4.3660001754761	0.88851499557495	-0.45403605699539	50	0
4.3670001029968	0.88845598697662	-0.45413708686829	50	0
4.3680000305176	0.88839691877365	-0.45423808693886	50	0
4.3689999580383	0.88833785057068	-0.45433911681175	50	0
4.3699998855591	0.88827878236771	-0.45444008708	50	0
4.3709998130798	0.88821971416473	-0.45454108715057	50	0
4.3720002174377	0.88816052675247	-0.45464199781418	50	0
4.3730001449585	0.88810127973557	-0.45474299788475	50	0
4.3740000724792	0.88804227113724	-0.45484390854836	50	0
4.375	0.88798290491104	-0.45494484901428	50	0
4.3759999275208	0.88792371749878	-0.45504575967789	50	0
4.3769998550415	0.88786447048187	-0.45514667034149	50	0
4.3779997825623	0.88780516386032	-0.45524752140045	50	0
4.3790001869202	0.88774597644806	-0.45534843206406	50	0
4.3800001144409	0.88768661022186	-0.45544925332069	50	0
4.3810000419617	0.88762730360031	-0.45555010437965	50	0
4.3819999694824	0.88756787776947	-0.45565095543861	50	0
4.3829998970032	0.88750857114792	-0.45575177669525	50	0
4.3839998245239	0.88744914531708	-0.45585262775421	50	0
4.3850002288818	0.88738971948624	-0.45595335960388	50	0
4.3860001564026	0.88733023405075	-0.45605418086052	50	0
4.3870000839233	0.88727086782455	-0.45615491271019	50	0
4.3880000114441	0.88721132278442	-0.45625570416451	50	0
4.3889999389648	0.88715177774429	-0.45635643601418	50	0
4.3899998664856	0.88709229230881	-0.45645716786385	50	0
4.3909997940063	0.88703274726868	-0.45655786991119	50	0
4.3920001983643	0.88697320222855	-0.45665860176086	50	0
4.393000125885	0.88691359758377	-0.45675930380821	50	0
4.3940000534058	0.886853992939	-0.45685997605324	50	0
4.3949999809265	0.88679438829422	-0.45696064829826	50	0
4.3959999084473	0.8867347240448	-0.45706132054329	50	0
4.396999835968	0.88667511940002	-0.45716196298599	50	0
4.3979997634888	0.88661533594131	-0.45726254582405	50	0
4.3990001678467	0.8865555524826	-0.45736321806908	50	0
4.4000000953674	0.88649588823318	-0.45746380090714	50	0
4.4010000228882	0.88643610477448	-0.45756441354752	50	0
4.4019999504089	0.88637638092041	-0.45766496658325	50	0
4.4029998779297	0.88631653785706	-0.45776575803757	50	0
4.4039998054504	0.88625675439835	-0.4578660428524	50	0
4.4050002098083	0.88619685173035	-0.45796680450439	50	0
4.4060001373291	0.88613712787628	-0.45806714892387	50	0
4.4070000648499	0.88607710599899	-0.4581678211689	50	0
4.4079999923706	0.88601732254028	-0.45826810598373	50	0
4.4089999198914	0.88595724105835	-0.45836877822876	50	0
4.4099998474121	0.88589727878571	-0.45846948027611	50	0
4.4109997749329	0.88583719730377	-0.45857012271881	50	0
4.4120001792908	0.88577753305435	-0.45866993069649	50	0
4.4130001068115	0.88571739196777	-0.45877057313919	50	0
4.4140000343323	0.8856572508812	-0.45887118577957	50	0
4.414999961853	0.88559740781784	-0.45897138118744	50	0
4.4159998893738	0.88553720712662	-0.45907199382782	50	0
4.4169998168945	0.88547718524933	-0.45917212963104	50	0
4.4180002212524	0.88541722297668	-0.45927229523659	50	0
4.4190001487732	0.88535702228546	-0.45937284827232	50	0
4.4200000762939	0.88529670238495	-0.45947340130806	50	0
4.4210000038147	0.88523644208908	-0.4595739543438	50	0
4.4219999313354	0.88517636060715	-0.45967403054237	50	0
4.4229998588562	0.88511610031128	-0.45977434515953	50	0
4.423999786377	0.88505584001541	-0.45987465977669	50	0
4.4250001907349	0.88499563932419	-0.45997494459152	50	0
4.4260001182556	0.88493537902832	-0.46007525920868	50	0
4.4270000457764	0.88487505912781	-0.46017551422119	50	0
4.4279999732971	0.88481462001801	-0.46027579903603	50	0
4.4289999008179	0.88475435972214	-0.46037602424622	50	0
4.4299998283386	0.88469392061234	-0.46047624945641	50	0
4.4310002326965	0.88463354110718	-0.46057650446892	50	0
4.4320001602173	0.88457322120667	-0.46067672967911	50	0
4.433000087738	0.88451272249222	-0.46077692508698	50	0
4.4340000152588	0.88445234298706	-0.46087712049484	50	0
4.4349999427795	0.88439184427261	-0.46097731590271	50	0
4.4359998703003	0.88433146476746	-0.46107748150826	50	0
4.436999797821	0.88427072763443	-0.46117758750916	50	0
4.438000202179	0.88421028852463	-0.4612777531147	50	0
4.4390001296997	0.88414978981018	-0.46137788891792	50	0
4.4400000572205	0.88408923149109	-0.46147802472115	50	0
4.4409999847412	0.88402861356735	-0.46157813072205	50	0
4.441999912262	0.88396793603897	-0.46167820692062	50	0
4.4429998397827	0.88390725851059	-0.46177831292152	50	0
4.4439997673035	0.88384664058685	-0.46187835931778	50	0
4.4450001716614	0.88378608226776	-0.46197843551636	50	0
4.4460000991821	0.88372534513474	-0.46207851171494	50	0
4.4470000267029	0.88366460800171	-0.46217849850655	50	0
4.4479999542236	0.88360381126404	-0.46227857470512	50	0
4.4489998817444	0.88354307413101	-0.46237853169441	50	0
4.4499998092651	0.88348233699799	-0.46247854828835	50	0
4.451000213623	0.88342148065567	-0.46257856488228	50	0
4.4520001411438	0.88336074352264	-0.46267849206924	50	0
4.4530000686646	0.88329982757568	-0.46277850866318	50	0
4.4539999961853	0.88323897123337	-0.46287849545479	50	0
4.4549999237061	0.88317811489105	-0.46297842264175	50	0
4.4559998512268	0.88311719894409	-0.4630783200264	50	0
4.4569997787476	0.88305622339249	-0.46317824721336	50	0
4.4580001831055	0.88299530744553	-0.46327814459801	50	0
4.4590001106262	0.88293439149857	-0.46337807178497	50	0
4.460000038147	0.88287347555161	-0.46347793936729	50	0
4.4609999656677	0.88281244039536	-0.46357780694962	50	0
4.4619998931885	0.88275128602982	-0.46367767453194	50	0
4.4629998207092	0.88269031047821	-0.46377754211426	50	0
4.4640002250671	0.88262927532196	-0.46387740969658	50	0
4.4650001525879	0.88256812095642	-0.46397724747658	50	0
4.4660000801086	0.88250708580017	-0.46407705545425	50	0
4.4670000076294	0.88244593143463	-0.46417689323425	50	0
4.4679999351501	0.8823846578598	-0.46427667140961	50	0
4.4689998626709	0.88232362270355	-0.46437647938728	50	0
4.4699997901917	0.88226240873337	-0.46447622776031	50	0
4.4710001945496	0.88220113515854	-0.46457600593567	50	0
4.4720001220703	0.88213986158371	-0.4646757543087	50	0
4.4730000495911	0.88207876682281	-0.46477550268173	50	0
4.4739999771118	0.88201743364334	-0.46487525105476	50	0
4.4749999046326	0.88195610046387	-0.4649749994278	50	0
4.4759998321533	0.88189482688904	-0.46507465839386	50	0
4.4770002365112	0.88183349370956	-0.46517440676689	50	0
4.478000164032	0.88177222013474	-0.46527406573296	50	0
4.4790000915527	0.88171070814133	-0.46537375450134	50	0
4.4800000190735	0.88164931535721	-0.46547344326973	50	0
4.4809999465942	0.88158792257309	-0.46557307243347	50	0
4.481999874115	0.88152647018433	-0.46567273139954	50	0
4.4829998016357	0.88146501779556	-0.46577236056328	50	0
4.4840002059937	0.88140344619751	-0.46587201952934	50	0
4.4850001335144	0.88134205341339	-0.46597164869308	50	0
4.4860000610352	0.88128054141998	-0.4660712480545	50	0
4.4869999885559	0.88121891021729	-0.46617084741592	50	0
4.4879999160767	0.88115739822388	-0.46627041697502	50	0
4.4889998435974	0.88109576702118	-0.4663699567318	50	0
4.4899997711182	0.88103419542313	-0.46646955609322	50	0
4.4910001754761	0.88097256422043	-0.46656909584999	50	0
4.4920001029968	0.88091099262238	-0.46666863560677	50	0
4.4930000305176	0.88084918260574	-0.46676817536354	50	0
4.4939999580383	0.88078767061234	-0.46686774492264	50	0
4.4949998855591	0.8807258605957	-0.46696725487709	50	0
4.4959998130798	0.88066405057907	-0.46706676483154	50	0
4.4970002174377	0.88060235977173	-0.46716624498367	50	0
4.4980001449585	0.88054049015045	-0.46726569533348	50	0
4.4990000724792	0.88047879934311	-0.46736520528793	50	0
4.5	0.88041692972183	-0.46746465563774	50	0
