CST XY Data Exchange Format V2

Title    = S-Parameters
Xlabel   = Frequency / GHz
Ylabel   = dB

Curvelabel          = S1,1
Filename            = ^cS1(1)1(1).sig
Npoints             = 1001
Type                = 8
Subtype             = 16
Result type         = complex:none;impedance
View type           = Cartesian
Plot type           = Magnitude dB
Data/Title          = S-Parameters
X/Label             = Frequency
X/Unit              = GHz
Y/Unit              = 
Y/Logfactor         = 20
Plot/wrapHeuristics = 0

1.9500000476837	0.97152668237686	-0.23690888285637	50	0
1.9509999752045	0.97149735689163	-0.23702943325043	50	0
1.9520000219345	0.97146791219711	-0.23714998364449	50	0
1.9529999494553	0.97143840789795	-0.23727053403854	50	0
1.9539999961853	0.97140896320343	-0.2373910844326	50	0
1.9550000429153	0.97137951850891	-0.23751163482666	50	0
1.9559999704361	0.9713499546051	-0.23763220012188	50	0
1.9570000171661	0.97132050991058	-0.23775275051594	50	0
1.9579999446869	0.97129094600677	-0.23787330091	50	0
1.9589999914169	0.97126150131226	-0.23799386620522	50	0
1.960000038147	0.9712318778038	-0.23811440169811	50	0
1.9609999656677	0.97120237350464	-0.23823496699333	50	0
1.9620000123978	0.97117274999619	-0.23835550248623	50	0
1.9630000591278	0.97114324569702	-0.23847605288029	50	0
1.9639999866486	0.97111356258392	-0.23859660327435	50	0
1.9650000333786	0.97108387947083	-0.2387171536684	50	0
1.9659999608994	0.97105425596237	-0.2388376891613	50	0
1.9670000076294	0.97102457284927	-0.2389582246542	50	0
1.9680000543594	0.97099488973618	-0.23907876014709	50	0
1.9689999818802	0.97096526622772	-0.23919931054115	50	0
1.9700000286102	0.97093552350998	-0.23931986093521	50	0
1.970999956131	0.97090584039688	-0.23944038152695	50	0
1.972000002861	0.97087603807449	-0.23956091701984	50	0
1.9730000495911	0.9708463549614	-0.23968148231506	50	0
1.9739999771118	0.97081655263901	-0.2398020029068	50	0
1.9750000238419	0.97078675031662	-0.23992252349854	50	0
1.9759999513626	0.97075694799423	-0.24004305899143	50	0
1.9769999980927	0.97072714567184	-0.24016357958317	50	0
1.9780000448227	0.97069734334946	-0.24028411507607	50	0
1.9789999723434	0.97066748142242	-0.24040465056896	50	0
1.9800000190735	0.97063761949539	-0.24052518606186	50	0
1.9809999465942	0.97060769796371	-0.24064572155476	50	0
1.9819999933243	0.97057789564133	-0.24076625704765	50	0
1.9830000400543	0.970547914505	-0.24088677763939	50	0
1.9839999675751	0.97051799297333	-0.24100729823112	50	0
1.9850000143051	0.97048801183701	-0.24112781882286	50	0
1.9859999418259	0.97045803070068	-0.2412483394146	50	0
1.9869999885559	0.97042810916901	-0.24136887490749	50	0
1.9880000352859	0.97039806842804	-0.24148941040039	50	0
1.9889999628067	0.97036814689636	-0.24160993099213	50	0
1.9900000095367	0.9703381061554	-0.24173045158386	50	0
1.9910000562668	0.97030800580978	-0.24185095727444	50	0
1.9919999837875	0.97027796506882	-0.24197146296501	50	0
1.9930000305176	0.97024786472321	-0.24209198355675	50	0
1.9939999580383	0.97021782398224	-0.24221251904964	50	0
1.9950000047684	0.97018772363663	-0.24233302474022	50	0
1.9960000514984	0.97015762329102	-0.24245354533195	50	0
1.9969999790192	0.97012746334076	-0.24257405102253	50	0
1.9980000257492	0.9700973033905	-0.2426945567131	50	0
1.99899995327	0.97006714344025	-0.24281507730484	50	0
2	0.97003692388535	-0.24293558299541	50	0
2.0009999275208	0.97000670433044	-0.24305608868599	50	0
2.0020000934601	0.96997654438019	-0.24317659437656	50	0
2.0030000209808	0.96994632482529	-0.24329708516598	50	0
2.0039999485016	0.96991604566574	-0.24341759085655	50	0
2.0050001144409	0.9698857665062	-0.24353809654713	50	0
2.0060000419617	0.96985548734665	-0.24365861713886	50	0
2.0069999694824	0.96982526779175	-0.24377912282944	50	0
2.0079998970032	0.96979486942291	-0.24389961361885	50	0
2.0090000629425	0.96976459026337	-0.24402010440826	50	0
2.0099999904633	0.96973419189453	-0.244140625	50	0
2.010999917984	0.96970391273499	-0.24426110088825	50	0
2.0120000839233	0.96967351436615	-0.24438162147999	50	0
2.0130000114441	0.96964305639267	-0.2445021122694	50	0
2.0139999389648	0.96961271762848	-0.24462258815765	50	0
2.0150001049042	0.969582259655	-0.24474310874939	50	0
2.0160000324249	0.96955186128616	-0.24486358463764	50	0
2.0169999599457	0.96952134370804	-0.24498409032822	50	0
2.0179998874664	0.96949100494385	-0.24510461091995	50	0
2.0190000534058	0.96946042776108	-0.24522526562214	50	0
2.0199999809265	0.9694299697876	-0.24534545838833	50	0
2.0209999084473	0.96939933300018	-0.24546656012535	50	0
2.0220000743866	0.9693688750267	-0.24558673799038	50	0
2.0230000019073	0.96933841705322	-0.24570691585541	50	0
2.0239999294281	0.96930783987045	-0.24582755565643	50	0
2.0250000953674	0.96927720308304	-0.2459481805563	50	0
2.0260000228882	0.96924662590027	-0.24606831371784	50	0
2.0269999504089	0.9692160487175	-0.24618893861771	50	0
2.0280001163483	0.96918535232544	-0.24630956351757	50	0
2.029000043869	0.96915471553802	-0.24642989039421	50	0
2.0299999713898	0.96912407875061	-0.24655038118362	50	0
2.0309998989105	0.96909338235855	-0.24667084217072	50	0
2.0320000648499	0.96906268596649	-0.24679131805897	50	0
2.0329999923706	0.96903198957443	-0.24691180884838	50	0
2.0339999198914	0.96900129318237	-0.24703226983547	50	0
2.0350000858307	0.96897053718567	-0.24715274572372	50	0
2.0360000133514	0.96893978118896	-0.24727322161198	50	0
2.0369999408722	0.96890902519226	-0.24739369750023	50	0
2.0380001068115	0.96887820959091	-0.24751414358616	50	0
2.0390000343323	0.96884745359421	-0.24763463437557	50	0
2.039999961853	0.96881657838821	-0.24775509536266	50	0
2.0409998893738	0.96878582239151	-0.24787555634975	50	0
2.0420000553131	0.96875494718552	-0.24799603223801	50	0
2.0429999828339	0.96872407197952	-0.24811647832394	50	0
2.0439999103546	0.96869325637817	-0.24823695421219	50	0
2.0450000762939	0.96866238117218	-0.24835741519928	50	0
2.0460000038147	0.9686313867569	-0.24847787618637	50	0
2.0469999313354	0.96860045194626	-0.24859833717346	50	0
2.0480000972748	0.96856957674026	-0.24871879816055	50	0
2.0490000247955	0.96853852272034	-0.24883924424648	50	0
2.0499999523163	0.96850752830505	-0.24895969033241	50	0
2.0510001182556	0.96847653388977	-0.24908016622066	50	0
2.0520000457764	0.96844565868378	-0.24920061230659	50	0
2.0529999732971	0.96841460466385	-0.24932104349136	50	0
2.0539999008179	0.96838349103928	-0.24944150447845	50	0
2.0550000667572	0.96835249662399	-0.24956196546555	50	0
2.055999994278	0.96832144260406	-0.24968241155148	50	0
2.0569999217987	0.96829032897949	-0.24980285763741	50	0
2.058000087738	0.96825921535492	-0.2499233186245	50	0
2.0590000152588	0.9682280421257	-0.25004374980927	50	0
2.0599999427795	0.96819692850113	-0.25016421079636	50	0
2.0610001087189	0.96816581487656	-0.25028467178345	50	0
2.0620000362396	0.96813470125198	-0.25040510296822	50	0
2.0629999637604	0.96810346841812	-0.25052553415298	50	0
2.0639998912811	0.9680722951889	-0.25064596533775	50	0
2.0650000572205	0.96804112195969	-0.25076642632484	50	0
2.0659999847412	0.96800982952118	-0.25088685750961	50	0
2.066999912262	0.96797865629196	-0.2510073184967	50	0
2.0680000782013	0.9679474234581	-0.25112774968147	50	0
2.069000005722	0.96791607141495	-0.25124815106392	50	0
2.0699999332428	0.96788477897644	-0.25136861205101	50	0
2.0710000991821	0.96785348653793	-0.25148904323578	50	0
2.0720000267029	0.96782213449478	-0.25160950422287	50	0
2.0729999542236	0.96779078245163	-0.25172990560532	50	0
2.0739998817444	0.96775943040848	-0.25185036659241	50	0
2.0750000476837	0.96772813796997	-0.25197076797485	50	0
2.0759999752045	0.96769672632217	-0.25209119915962	50	0
2.0769999027252	0.96766543388367	-0.25221160054207	50	0
2.0780000686646	0.96763396263123	-0.25233206152916	50	0
2.0789999961853	0.96760249137878	-0.25245246291161	50	0
2.0799999237061	0.96757107973099	-0.25257289409637	50	0
2.0810000896454	0.96753966808319	-0.25269332528114	50	0
2.0820000171661	0.9675081372261	-0.25281375646591	50	0
2.0829999446869	0.96747666597366	-0.25293418765068	50	0
2.0840001106262	0.96744519472122	-0.25305461883545	50	0
2.085000038147	0.96741360425949	-0.25317499041557	50	0
2.0859999656677	0.9673820734024	-0.25329545140266	50	0
2.0869998931885	0.96735054254532	-0.25341588258743	50	0
2.0880000591278	0.96731889247894	-0.25353628396988	50	0
2.0889999866486	0.96728730201721	-0.25365671515465	50	0
2.0899999141693	0.96725571155548	-0.25377708673477	50	0
2.0910000801086	0.96722412109375	-0.25389751791954	50	0
2.0920000076294	0.96719247102737	-0.25401794910431	50	0
2.0929999351501	0.96716076135635	-0.25413835048676	50	0
2.0940001010895	0.96712911128998	-0.25425878167152	50	0
2.0950000286102	0.9670974612236	-0.25437912344933	50	0
2.095999956131	0.96706575155258	-0.25449958443642	50	0
2.0969998836517	0.96703404188156	-0.25461998581886	50	0
2.0980000495911	0.9670022726059	-0.25474038720131	50	0
2.0989999771118	0.96697050333023	-0.25486078858376	50	0
2.0999999046326	0.96693879365921	-0.2549811899662	50	0
2.1010000705719	0.9669069647789	-0.25510159134865	50	0
2.1019999980927	0.96687519550323	-0.25522202253342	50	0
2.1029999256134	0.96684336662292	-0.25534245371819	50	0
2.1040000915527	0.96681153774261	-0.25546282529831	50	0
2.1050000190735	0.96677964925766	-0.25558319687843	50	0
2.1059999465942	0.96674782037735	-0.25570359826088	50	0
2.1070001125336	0.96671599149704	-0.25582399964333	50	0
2.1080000400543	0.96668410301208	-0.25594440102577	50	0
2.1089999675751	0.96665215492249	-0.25606483221054	50	0
2.1099998950958	0.96662026643753	-0.25618520379066	50	0
2.1110000610352	0.96658831834793	-0.25630560517311	50	0
2.1119999885559	0.96655637025833	-0.25642600655556	50	0
2.1129999160767	0.96652436256409	-0.25654637813568	50	0
2.114000082016	0.96649241447449	-0.25666674971581	50	0
2.1150000095367	0.96646040678024	-0.25678715109825	50	0
2.1159999370575	0.96642833948135	-0.2569075524807	50	0
2.1170001029968	0.96639639139175	-0.25702795386314	50	0
2.1180000305176	0.96636432409286	-0.25714835524559	50	0
2.1189999580383	0.96633219718933	-0.25726872682571	50	0
2.1199998855591	0.96630012989044	-0.25738912820816	50	0
2.1210000514984	0.96626806259155	-0.25750949978828	50	0
2.1219999790192	0.96623593568802	-0.25762990117073	50	0
2.1229999065399	0.96620380878448	-0.25775030255318	50	0
2.1240000724792	0.96617162227631	-0.25787064433098	50	0
2.125	0.96613949537277	-0.25799104571342	50	0
2.1259999275208	0.96610730886459	-0.25811141729355	50	0
2.1270000934601	0.96607512235641	-0.25823178887367	50	0
2.1280000209808	0.96604293584824	-0.25835219025612	50	0
2.1289999485016	0.96601074934006	-0.25847256183624	50	0
2.1300001144409	0.96597838401794	-0.25859293341637	50	0
2.1310000419617	0.96594619750977	-0.25871333479881	50	0
2.1319999694824	0.9659138917923	-0.25883367657661	50	0
2.1329998970032	0.96588164567947	-0.25895404815674	50	0
2.1340000629425	0.96584933996201	-0.25907441973686	50	0
2.1349999904633	0.96581697463989	-0.25919479131699	50	0
2.135999917984	0.96578466892242	-0.25931519269943	50	0
2.1370000839233	0.96575230360031	-0.25943556427956	50	0
2.1380000114441	0.9657199382782	-0.25955590605736	50	0
2.1389999389648	0.96568757295609	-0.2596763074398	50	0
2.1400001049042	0.96565514802933	-0.25979664921761	50	0
2.1410000324249	0.96562278270721	-0.25991702079773	50	0
2.1419999599457	0.96559035778046	-0.26003739237785	50	0
2.1429998874664	0.96555787324905	-0.2601577937603	50	0
2.1440000534058	0.96552538871765	-0.2602781355381	50	0
2.1449999809265	0.96549302339554	-0.26039850711823	50	0
2.1459999084473	0.96546047925949	-0.26051884889603	50	0
2.1470000743866	0.96542793512344	-0.26063922047615	50	0
2.1480000019073	0.96539545059204	-0.26075959205627	50	0
2.1489999294281	0.96536290645599	-0.2608799636364	50	0
2.1500000953674	0.96533036231995	-0.26100033521652	50	0
2.1510000228882	0.96529775857925	-0.26112067699432	50	0
2.1519999504089	0.96526521444321	-0.26124104857445	50	0
2.1530001163483	0.96523249149323	-0.26136136054993	50	0
2.154000043869	0.96519994735718	-0.26148173213005	50	0
2.1549999713898	0.96516734361649	-0.26160210371017	50	0
2.1559998989105	0.96513468027115	-0.26172244548798	50	0
2.1570000648499	0.96510201692581	-0.2618428170681	50	0
2.1579999923706	0.96506923437119	-0.2619631588459	50	0
2.1589999198914	0.96503657102585	-0.26208353042603	50	0
2.1600000858307	0.96500384807587	-0.26220390200615	50	0
2.1610000133514	0.96497112512589	-0.26232424378395	50	0
2.1619999408722	0.96493846178055	-0.26244461536407	50	0
2.1630001068115	0.96490561962128	-0.26256492733955	50	0
2.1640000343323	0.96487283706665	-0.26268526911736	50	0
2.164999961853	0.96484005451202	-0.26280564069748	50	0
2.1659998893738	0.96480721235275	-0.26292598247528	50	0
2.1670000553131	0.96477442979813	-0.26304632425308	50	0
2.1679999828339	0.96474146842957	-0.26316666603088	50	0
2.1689999103546	0.96470868587494	-0.26328700780869	50	0
2.1700000762939	0.96467578411102	-0.26340737938881	50	0
2.1710000038147	0.96464294195175	-0.26352769136429	50	0
2.1719999313354	0.96461004018784	-0.26364803314209	50	0
2.1730000972748	0.96457701921463	-0.26376837491989	50	0
2.1740000247955	0.96454417705536	-0.26388871669769	50	0
2.1749999523163	0.9645112156868	-0.26400905847549	50	0
2.1760001182556	0.96447819471359	-0.2641294002533	50	0
2.1770000457764	0.96444523334503	-0.26424977183342	50	0
2.1779999732971	0.96441221237183	-0.2643700838089	50	0
2.1789999008179	0.96437919139862	-0.2644904255867	50	0
2.1800000667572	0.96434617042542	-0.2646107673645	50	0
2.180999994278	0.96431308984756	-0.2647311091423	50	0
2.1819999217987	0.96428006887436	-0.2648514509201	50	0
2.183000087738	0.96424686908722	-0.26497176289558	50	0
2.1840000152588	0.96421384811401	-0.26509213447571	50	0
2.1849999427795	0.96418076753616	-0.26521244645119	50	0
2.1860001087189	0.96414756774902	-0.26533278822899	50	0
2.1870000362396	0.96411448717117	-0.26545313000679	50	0
2.1879999637604	0.96408122777939	-0.26557344198227	50	0
2.1889998912811	0.96404802799225	-0.26569378376007	50	0
2.1900000572205	0.96401482820511	-0.26581406593323	50	0
2.1909999847412	0.96398168802261	-0.26593440771103	50	0
2.191999912262	0.96394848823547	-0.26605474948883	50	0
2.1930000782013	0.96391522884369	-0.26617509126663	50	0
2.194000005722	0.96388202905655	-0.26629543304443	50	0
2.1949999332428	0.96384871006012	-0.26641574501991	50	0
2.1960000991821	0.96381545066833	-0.26653605699539	50	0
2.1970000267029	0.96378201246262	-0.26665639877319	50	0
2.1979999542236	0.96374875307083	-0.26677671074867	50	0
2.1989998817444	0.9637154340744	-0.26689702272415	50	0
2.2000000476837	0.96368205547333	-0.26701736450195	50	0
2.2009999752045	0.9636487364769	-0.26713770627975	50	0
2.2019999027252	0.96361529827118	-0.26725801825523	50	0
2.2030000686646	0.96358186006546	-0.26737833023071	50	0
2.2039999961853	0.96354842185974	-0.26749861240387	50	0
2.2049999237061	0.96351504325867	-0.26761895418167	50	0
2.2060000896454	0.96348160505295	-0.26773929595947	50	0
2.2070000171661	0.96344810724258	-0.26785960793495	50	0
2.2079999446869	0.96341466903687	-0.26797991991043	50	0
2.2090001106262	0.96338105201721	-0.26810023188591	50	0
2.210000038147	0.96334761381149	-0.26822057366371	50	0
2.2109999656677	0.96331405639648	-0.26834088563919	50	0
2.2119998931885	0.96328049898148	-0.26846119761467	50	0
2.2130000591278	0.96324694156647	-0.26858147978783	50	0
2.2139999866486	0.96321332454681	-0.26870182156563	50	0
2.2149999141693	0.96317970752716	-0.26882216334343	50	0
2.2160000801086	0.96314615011215	-0.26894244551659	50	0
2.2170000076294	0.9631125330925	-0.26906275749207	50	0
2.2179999351501	0.9630788564682	-0.26918306946754	50	0
2.2190001010895	0.96304523944855	-0.26930341124535	50	0
2.2200000286102	0.9630115032196	-0.2694236934185	50	0
2.220999956131	0.96297782659531	-0.26954400539398	50	0
2.2219998836517	0.96294403076172	-0.26966428756714	50	0
2.2230000495911	0.96291035413742	-0.26978462934494	50	0
2.2239999771118	0.96287661790848	-0.2699049115181	50	0
2.2249999046326	0.96284288167953	-0.2700252532959	50	0
2.2260000705719	0.9628090262413	-0.27014553546906	50	0
2.2269999980927	0.96277529001236	-0.27026584744453	50	0
2.2279999256134	0.96274149417877	-0.27038615942001	50	0
2.2290000915527	0.96270769834518	-0.27050647139549	50	0
2.2300000190735	0.96267384290695	-0.27062678337097	50	0
2.2309999465942	0.96263992786407	-0.27074706554413	50	0
2.2320001125336	0.96260607242584	-0.27086737751961	50	0
2.2330000400543	0.96257215738297	-0.27098765969276	50	0
2.2339999675751	0.96253830194473	-0.27110797166824	50	0
2.2349998950958	0.96250438690186	-0.27122828364372	50	0
2.2360000610352	0.96247041225433	-0.27134856581688	50	0
2.2369999885559	0.96243649721146	-0.27146887779236	50	0
2.2379999160767	0.96240252256393	-0.27158915996552	50	0
2.239000082016	0.96236854791641	-0.27170947194099	50	0
2.2400000095367	0.96233457326889	-0.27182975411415	50	0
2.2409999370575	0.96230053901672	-0.27195006608963	50	0
2.2420001029968	0.9622665643692	-0.27207037806511	50	0
2.2430000305176	0.96223247051239	-0.27219066023827	50	0
2.2439999580383	0.96219843626022	-0.27231097221375	50	0
2.2449998855591	0.96216428279877	-0.2724312543869	50	0
2.2460000514984	0.96213018894196	-0.27255156636238	50	0
2.2469999790192	0.9620960354805	-0.27267184853554	50	0
2.2479999065399	0.96206194162369	-0.27279213070869	50	0
2.2490000724792	0.96202778816223	-0.27291241288185	50	0
2.25	0.96199357509613	-0.27303272485733	50	0
2.2509999275208	0.96195942163467	-0.27315300703049	50	0
2.2520000934601	0.96192520856857	-0.27327331900597	50	0
2.2530000209808	0.96189105510712	-0.27339360117912	50	0
2.2539999485016	0.96185684204102	-0.2735139131546	50	0
2.2550001144409	0.96182256937027	-0.27363416552544	50	0
2.2560000419617	0.96178823709488	-0.27375447750092	50	0
2.2569999694824	0.96175396442413	-0.27387475967407	50	0
2.2579998970032	0.96171975135803	-0.27399507164955	50	0
2.2590000629425	0.96168541908264	-0.27411532402039	50	0
2.2599999904633	0.96165102720261	-0.27423563599586	50	0
2.260999917984	0.96161675453186	-0.2743558883667	50	0
2.2620000839233	0.96158236265182	-0.27447620034218	50	0
2.2630000114441	0.96154803037643	-0.27459651231766	50	0
2.2639999389648	0.9615136384964	-0.27471676468849	50	0
2.2650001049042	0.96147918701172	-0.27483704686165	50	0
2.2660000324249	0.96144473552704	-0.27495732903481	50	0
2.2669999599457	0.961410343647	-0.27507764101028	50	0
2.2679998874664	0.96137583255768	-0.27519789338112	50	0
2.2690000534058	0.961341381073	-0.2753182053566	50	0
2.2699999809265	0.96130686998367	-0.27543845772743	50	0
2.2709999084473	0.96127235889435	-0.27555876970291	50	0
2.2720000743866	0.96123784780502	-0.27567902207375	50	0
2.2730000019073	0.9612033367157	-0.27579933404922	50	0
2.2739999294281	0.96116876602173	-0.27591961622238	50	0
2.2750000953674	0.96113419532776	-0.27603989839554	50	0
2.2760000228882	0.96109968423843	-0.27616012096405	50	0
2.2769999504089	0.96106505393982	-0.27628043293953	50	0
2.2780001163483	0.96103048324585	-0.27640071511269	50	0
2.279000043869	0.96099579334259	-0.27652099728584	50	0
2.2799999713898	0.96096116304398	-0.276641279459	50	0
2.2809998989105	0.96092647314072	-0.27676156163216	50	0
2.2820000648499	0.9608918428421	-0.27688181400299	50	0
2.2829999923706	0.9608570933342	-0.27700209617615	50	0
2.2839999198914	0.96082234382629	-0.27712234854698	50	0
2.2850000858307	0.96078765392303	-0.27724263072014	50	0
2.2860000133514	0.96075284481049	-0.2773629128933	50	0
2.2869999408722	0.96071809530258	-0.27748322486877	50	0
2.2880001068115	0.96068334579468	-0.27760347723961	50	0
2.2890000343323	0.96064853668213	-0.27772375941277	50	0
2.289999961853	0.96061366796494	-0.2778440117836	50	0
2.2909998893738	0.96057879924774	-0.27796429395676	50	0
2.2920000553131	0.96054399013519	-0.27808457612991	50	0
2.2929999828339	0.960509121418	-0.27820482850075	50	0
2.2939999103546	0.96047431230545	-0.2783251106739	50	0
2.2950000762939	0.96043938398361	-0.27844539284706	50	0
2.2960000038147	0.96040445566177	-0.27856567502022	50	0
2.2969999313354	0.96036952733994	-0.27868592739105	50	0
2.2980000972748	0.96033465862274	-0.27880626916885	50	0
2.2990000247955	0.96029955148697	-0.27892673015594	50	0
2.2999999523163	0.96026474237442	-0.27904665470123	50	0
2.3010001182556	0.96022963523865	-0.279167085886	50	0
2.3020000457764	0.96019476652145	-0.27928704023361	50	0
2.3029999732971	0.96015948057175	-0.27940788865089	50	0
2.3039999008179	0.96012455224991	-0.2795278429985	50	0
2.3050000667572	0.96008950471878	-0.27964824438095	50	0
2.305999994278	0.96005445718765	-0.27976816892624	50	0
2.3069999217987	0.96001940965652	-0.27988857030869	50	0
2.308000087738	0.95998418331146	-0.28000891208649	50	0
2.3090000152588	0.95994907617569	-0.28012931346893	50	0
2.3099999427795	0.95991396903992	-0.28024941682816	50	0
2.3110001087189	0.95987874269485	-0.28036966919899	50	0
2.3120000362396	0.95984363555908	-0.28048992156982	50	0
2.3129999637604	0.95980846881866	-0.28061017394066	50	0
2.3139998912811	0.95977318286896	-0.28073048591614	50	0
2.3150000572205	0.9597379565239	-0.28085070848465	50	0
2.3159999847412	0.95970273017883	-0.28097099065781	50	0
2.316999912262	0.95966750383377	-0.28109124302864	50	0
2.3180000782013	0.95963215827942	-0.2812115252018	50	0
2.319000005722	0.959596991539	-0.28133180737495	50	0
2.3199999332428	0.95956152677536	-0.28145202994347	50	0
2.3210000991821	0.9595263004303	-0.28157231211662	50	0
2.3220000267029	0.95949101448059	-0.28169253468513	50	0
2.3229999542236	0.95945554971695	-0.28181284666061	50	0
2.3239998817444	0.9594202041626	-0.2819330394268	50	0
2.3250000476837	0.95938485860825	-0.28205332159996	50	0
2.3259999752045	0.9593493938446	-0.28217360377312	50	0
2.3269999027252	0.95931398868561	-0.28229382634163	50	0
2.3280000686646	0.95927858352661	-0.28241410851479	50	0
2.3289999961853	0.95924311876297	-0.28253439068794	50	0
2.3299999237061	0.95920765399933	-0.28265461325645	50	0
2.3310000896454	0.95917212963104	-0.28277492523193	50	0
2.3320000171661	0.95913660526276	-0.28289514780045	50	0
2.3329999446869	0.95910108089447	-0.28301540017128	50	0
2.3340001106262	0.95906555652618	-0.28313565254211	50	0
2.335000038147	0.9590300321579	-0.28325593471527	50	0
2.3359999656677	0.95899438858032	-0.28337618708611	50	0
2.3369998931885	0.95895886421204	-0.28349643945694	50	0
2.3380000591278	0.95892328023911	-0.28361669182777	50	0
2.3389999866486	0.95888763666153	-0.28373697400093	50	0
2.3399999141693	0.95885199308395	-0.28385719656944	50	0
2.3410000801086	0.95881640911102	-0.2839774787426	50	0
2.3420000076294	0.9587807059288	-0.28409770131111	50	0
2.3429999351501	0.95874506235123	-0.28421798348427	50	0
2.3440001010895	0.95870929956436	-0.28433820605278	50	0
2.3450000286102	0.95867365598679	-0.28445848822594	50	0
2.345999956131	0.95863783359528	-0.28457874059677	50	0
2.3469998836517	0.95860207080841	-0.28469899296761	50	0
2.3480000495911	0.95856630802155	-0.28481924533844	50	0
2.3489999771118	0.95853054523468	-0.28493949770927	50	0
2.3499999046326	0.95849472284317	-0.28505977988243	50	0
2.3510000705719	0.95845890045166	-0.28518000245094	50	0
2.3519999980927	0.95842301845551	-0.28530025482178	50	0
2.3529999256134	0.958387196064	-0.28542050719261	50	0
2.3540000915527	0.95835137367249	-0.28554078936577	50	0
2.3550000190735	0.95831543207169	-0.28566101193428	50	0
2.3559999465942	0.95827955007553	-0.28578123450279	50	0
2.3570001125336	0.95824366807938	-0.28590154647827	50	0
2.3580000400543	0.95820766687393	-0.28602179884911	50	0
2.3589999675751	0.95817172527313	-0.28614202141762	50	0
2.3599998950958	0.95813578367233	-0.28626227378845	50	0
2.3610000610352	0.95809972286224	-0.28638252615929	50	0
2.3619999885559	0.95806378126144	-0.28650280833244	50	0
2.3629999160767	0.95802783966064	-0.28662306070328	50	0
2.364000082016	0.95799177885056	-0.28674328327179	50	0
2.3650000095367	0.95795571804047	-0.28686353564262	50	0
2.3659999370575	0.95791971683502	-0.28698381781578	50	0
2.3670001029968	0.95788365602493	-0.28710404038429	50	0
2.3680000305176	0.95784747600555	-0.28722429275513	50	0
2.3689999580383	0.95781129598618	-0.28734454512596	50	0
2.3699998855591	0.95777517557144	-0.2874647974968	50	0
2.3710000514984	0.95773911476135	-0.28758504986763	50	0
2.3719999790192	0.95770287513733	-0.28770533204079	50	0
2.3729999065399	0.9576667547226	-0.2878255546093	50	0
2.3740000724792	0.95763045549393	-0.28794580698013	50	0
2.375	0.95759427547455	-0.28806605935097	50	0
2.3759999275208	0.95755797624588	-0.28818628191948	50	0
2.3770000934601	0.95752185583115	-0.28830656409264	50	0
2.3780000209808	0.95748555660248	-0.28842678666115	50	0
2.3789999485016	0.95744925737381	-0.2885470688343	50	0
2.3800001144409	0.9574128985405	-0.28866729140282	50	0
2.3810000419617	0.95737659931183	-0.28878754377365	50	0
2.3819999694824	0.95734024047852	-0.28890779614449	50	0
2.3829998970032	0.95730394124985	-0.28902804851532	50	0
2.3840000629425	0.95726758241653	-0.28914830088615	50	0
2.3849999904633	0.95723128318787	-0.28926852345467	50	0
2.385999917984	0.95719480514526	-0.28938880562782	50	0
2.3870000839233	0.95715838670731	-0.28950902819633	50	0
2.3880000114441	0.95712196826935	-0.28962928056717	50	0
2.3889999389648	0.9570854306221	-0.28974956274033	50	0
2.3900001049042	0.95704907178879	-0.28986978530884	50	0
2.3910000324249	0.95701253414154	-0.28999003767967	50	0
2.3919999599457	0.95697611570358	-0.29011026024818	50	0
2.3929998874664	0.95693951845169	-0.29023057222366	50	0
2.3940000534058	0.95690298080444	-0.29035076498985	50	0
2.3949999809265	0.9568664431572	-0.29047101736069	50	0
2.3959999084473	0.9568298459053	-0.29059129953384	50	0
2.3970000743866	0.95679330825806	-0.29071155190468	50	0
2.3980000019073	0.95675671100616	-0.29083180427551	50	0
2.3989999294281	0.95672005414963	-0.29095202684402	50	0
2.4000000953674	0.95668345689774	-0.29107227921486	50	0
2.4010000228882	0.95664674043655	-0.29119253158569	50	0
2.4019999504089	0.95661008358002	-0.29131281375885	50	0
2.4030001163483	0.95657342672348	-0.29143303632736	50	0
2.404000043869	0.95653676986694	-0.2915532886982	50	0
2.4049999713898	0.95649999380112	-0.29167354106903	50	0
2.4059998989105	0.95646327733994	-0.29179379343987	50	0
2.4070000648499	0.95642656087875	-0.29191401600838	50	0
2.4079999923706	0.95638972520828	-0.29203429818153	50	0
2.4089999198914	0.95635294914246	-0.29215452075005	50	0
2.4100000858307	0.95631623268127	-0.2922748029232	50	0
2.4110000133514	0.95627945661545	-0.29239505529404	50	0
2.4119999408722	0.95624256134033	-0.29251530766487	50	0
2.4130001068115	0.95620572566986	-0.29263553023338	50	0
2.4140000343323	0.9561687707901	-0.29275578260422	50	0
2.414999961853	0.95613187551498	-0.29287606477737	50	0
2.4159998893738	0.95609503984451	-0.29299625754356	50	0
2.4170000553131	0.95605808496475	-0.2931165099144	50	0
2.4179999828339	0.95602118968964	-0.29323682188988	50	0
2.4189999103546	0.95598417520523	-0.29335704445839	50	0
2.4200000762939	0.95594722032547	-0.2934772670269	50	0
2.4210000038147	0.95591026544571	-0.29359754920006	50	0
2.4219999313354	0.9558732509613	-0.29371777176857	50	0
2.4230000972748	0.9558362364769	-0.29383805394173	50	0
2.4240000247955	0.95579916238785	-0.29395830631256	50	0
2.4249999523163	0.95576214790344	-0.2940785586834	50	0
2.4260001182556	0.95572513341904	-0.29419881105423	50	0
2.4270000457764	0.95568799972534	-0.29431906342506	50	0
2.4279999732971	0.95565092563629	-0.29443928599358	50	0
2.4289999008179	0.9556137919426	-0.29455953836441	50	0
2.4300000667572	0.95557659864426	-0.29467982053757	50	0
2.430999994278	0.95553946495056	-0.2948000729084	50	0
2.4319999217987	0.95550233125687	-0.29492032527924	50	0
2.433000087738	0.95546507835388	-0.29504057765007	50	0
2.4340000152588	0.95542794466019	-0.2951608300209	50	0
2.4349999427795	0.9553906917572	-0.29528105258942	50	0
2.4360001087189	0.95535343885422	-0.2954013645649	50	0
2.4370000362396	0.95531618595123	-0.29552158713341	50	0
2.4379999637604	0.95527893304825	-0.29564183950424	50	0
2.4389998912811	0.95524162054062	-0.29576209187508	50	0
2.4400000572205	0.95520430803299	-0.29588234424591	50	0
2.4409999847412	0.95516693592072	-0.29600262641907	50	0
2.441999912262	0.95512962341309	-0.2961228787899	50	0
2.4430000782013	0.9550923705101	-0.29624313116074	50	0
2.444000005722	0.95505499839783	-0.29636335372925	50	0
2.4449999332428	0.95501756668091	-0.2964836359024	50	0
2.4460000991821	0.95498013496399	-0.29660388827324	50	0
2.4470000267029	0.95494270324707	-0.2967241704464	50	0
2.4479999542236	0.95490527153015	-0.29684439301491	50	0
2.4489998817444	0.95486778020859	-0.29696464538574	50	0
2.4500000476837	0.95483034849167	-0.2970849275589	50	0
2.4509999752045	0.95479279756546	-0.29720517992973	50	0
2.4519999027252	0.95475524663925	-0.29732543230057	50	0
2.4530000686646	0.95471775531769	-0.29744571447372	50	0
2.4539999961853	0.95468026399612	-0.29756599664688	50	0
2.4549999237061	0.95464265346527	-0.29768621921539	50	0
2.4560000896454	0.95460510253906	-0.29780650138855	50	0
2.4570000171661	0.95456749200821	-0.29792675375938	50	0
2.4579999446869	0.95452988147736	-0.29804703593254	50	0
2.4590001106262	0.9544922709465	-0.29816725850105	50	0
2.460000038147	0.95445466041565	-0.29828751087189	50	0
2.4609999656677	0.95441699028015	-0.29840779304504	50	0
2.4619998931885	0.95437926054001	-0.29852804541588	50	0
2.4630000591278	0.95434159040451	-0.29864829778671	50	0
2.4639999866486	0.95430392026901	-0.29876860976219	50	0
2.4649999141693	0.95426613092422	-0.29888886213303	50	0
2.4660000801086	0.95422840118408	-0.29900914430618	50	0
2.4670000076294	0.95419061183929	-0.29912939667702	50	0
2.4679999351501	0.95415282249451	-0.29924964904785	50	0
2.4690001010895	0.95411497354507	-0.29936993122101	50	0
2.4700000286102	0.95407724380493	-0.29949021339417	50	0
2.470999956131	0.9540393948555	-0.299610465765	50	0
2.4719998836517	0.95400148630142	-0.29973071813583	50	0
2.4730000495911	0.95396363735199	-0.29985100030899	50	0
2.4739999771118	0.9539258480072	-0.29997128248215	50	0
2.4749999046326	0.95388787984848	-0.30009153485298	50	0
2.4760000705719	0.95385003089905	-0.30021181702614	50	0
2.4769999980927	0.95381200313568	-0.30033206939697	50	0
2.4779999256134	0.95377403497696	-0.30045235157013	50	0
2.4790000915527	0.95373606681824	-0.30057260394096	50	0
2.4800000190735	0.95369809865952	-0.30069291591644	50	0
2.4809999465942	0.95366013050079	-0.3008131980896	50	0
2.4820001125336	0.95362204313278	-0.30093345046043	50	0
2.4830000400543	0.95358401536942	-0.30105370283127	50	0
2.4839999675751	0.95354598760605	-0.30117401480675	50	0
2.4849998950958	0.95350795984268	-0.3012942969799	50	0
2.4860000610352	0.95346987247467	-0.30141454935074	50	0
2.4869999885559	0.95343166589737	-0.3015348315239	50	0
2.4879999160767	0.95339357852936	-0.30165508389473	50	0
2.489000082016	0.95335549116135	-0.30177539587021	50	0
2.4900000095367	0.95331728458405	-0.30189567804337	50	0
2.4909999370575	0.95327907800674	-0.3020159304142	50	0
2.4920001029968	0.95324093103409	-0.30213621258736	50	0
2.4930000305176	0.95320272445679	-0.30225652456284	50	0
2.4939999580383	0.95316445827484	-0.30237680673599	50	0
2.4949998855591	0.95312625169754	-0.30249705910683	50	0
2.4960000514984	0.95308792591095	-0.30261734127998	50	0
2.4969999790192	0.95304971933365	-0.30273765325546	50	0
2.4979999065399	0.95301133394241	-0.30285787582397	50	0
2.4990000724792	0.95297306776047	-0.30297821760178	50	0
2.5	0.95293468236923	-0.30309849977493	50	0
2.5009999275208	0.95289635658264	-0.30321881175041	50	0
2.5020000934601	0.95285803079605	-0.30333906412125	50	0
2.5030000209808	0.95281970500946	-0.3034593462944	50	0
2.5039999485016	0.95278120040894	-0.30357962846756	50	0
2.5050001144409	0.95274275541306	-0.30369991064072	50	0
2.5060000419617	0.95270437002182	-0.30382025241852	50	0
2.5069999694824	0.95266592502594	-0.30394053459167	50	0
2.5079998970032	0.95262742042542	-0.30406084656715	50	0
2.5090000629425	0.95258891582489	-0.30418112874031	50	0
2.5099999904633	0.95255041122437	-0.30430141091347	50	0
2.510999917984	0.95251190662384	-0.30442169308662	50	0
2.5120000839233	0.95247340202332	-0.3045420050621	50	0
2.5130000114441	0.9524347782135	-0.30466231703758	50	0
2.5139999389648	0.95239627361298	-0.30478259921074	50	0
2.5150001049042	0.95235770940781	-0.3049028813839	50	0
2.5160000324249	0.95231908559799	-0.30502316355705	50	0
2.5169999599457	0.95228046178818	-0.30514347553253	50	0
2.5179998874664	0.95224177837372	-0.30526378750801	50	0
2.5190000534058	0.95220309495926	-0.30538406968117	50	0
2.5199999809265	0.9521644115448	-0.30550444126129	50	0
2.5209999084473	0.9521256685257	-0.30562469363213	50	0
2.5220000743866	0.95208698511124	-0.30574503540993	50	0
2.5230000019073	0.95204824209213	-0.30586528778076	50	0
2.5239999294281	0.95200955867767	-0.30598559975624	50	0
2.5250000953674	0.95197075605392	-0.30610591173172	50	0
2.5260000228882	0.95193207263947	-0.3062262237072	50	0
2.5269999504089	0.95189327001572	-0.30634653568268	50	0
2.5280001163483	0.95185440778732	-0.30646684765816	50	0
2.529000043869	0.95181560516357	-0.30658718943596	50	0
2.5299999713898	0.95177674293518	-0.30670750141144	50	0
2.5309998989105	0.95173782110214	-0.30682781338692	50	0
2.5320000648499	0.95169895887375	-0.30694809556007	50	0
2.5329999923706	0.95166003704071	-0.30706843733788	50	0
2.5339999198914	0.95162105560303	-0.30718874931335	50	0
2.5350000858307	0.95158213376999	-0.30730909109116	50	0
2.5360000133514	0.95154315233231	-0.30742940306664	50	0
2.5369999408722	0.95150423049927	-0.30754971504211	50	0
2.5380001068115	0.95146524906158	-0.30767002701759	50	0
2.5390000343323	0.9514262676239	-0.30779033899307	50	0
2.539999961853	0.95138716697693	-0.30791068077087	50	0
2.5409998893738	0.9513481259346	-0.30803102254868	50	0
2.5420000553131	0.95130908489227	-0.30815130472183	50	0
2.5429999828339	0.95126992464066	-0.30827164649963	50	0
2.5439999103546	0.95123088359833	-0.30839198827744	50	0
2.5450000762939	0.95119178295135	-0.30851230025291	50	0
2.5460000038147	0.95115262269974	-0.30863261222839	50	0
2.5469999313354	0.95111340284348	-0.30875298380852	50	0
2.5480000972748	0.9510743021965	-0.308873295784	50	0
2.5490000247955	0.95103520154953	-0.3089936375618	50	0
2.5499999523163	0.95099592208862	-0.3091139793396	50	0
2.5510001182556	0.95095670223236	-0.30923429131508	50	0
2.5520000457764	0.9509174823761	-0.30935460329056	50	0
2.5529999732971	0.95087820291519	-0.30947497487068	50	0
2.5539999008179	0.95083892345428	-0.30959531664848	50	0
2.5550000667572	0.95079958438873	-0.30971568822861	50	0
2.555999994278	0.95076030492783	-0.30983603000641	50	0
2.5569999217987	0.95072096586227	-0.30995634198189	50	0
2.558000087738	0.95068162679672	-0.31007668375969	50	0
2.5590000152588	0.95064234733582	-0.31019702553749	50	0
2.5599999427795	0.95060288906097	-0.31031739711761	50	0
2.5610001087189	0.95056349039078	-0.31043773889542	50	0
2.5620000362396	0.95052403211594	-0.31055811047554	50	0
2.5629999637604	0.95048463344574	-0.31067845225334	50	0
2.5639998912811	0.95044511556625	-0.31079876422882	50	0
2.5650000572205	0.95040571689606	-0.31091916561127	50	0
2.5659999847412	0.95036619901657	-0.31103950738907	50	0
2.566999912262	0.95032668113708	-0.31115987896919	50	0
2.5680000782013	0.9502871632576	-0.31128019094467	50	0
2.569000005722	0.95024764537811	-0.31140062212944	50	0
2.5699999332428	0.95020812749863	-0.31152093410492	50	0
2.5710000991821	0.95016849040985	-0.31164130568504	50	0
2.5720000267029	0.95012897253036	-0.31176170706749	50	0
2.5729999542236	0.95008927583694	-0.31188204884529	50	0
2.5739998817444	0.95004969835281	-0.31200239062309	50	0
2.5750000476837	0.95001000165939	-0.31212276220322	50	0
2.5759999752045	0.94997030496597	-0.31224316358566	50	0
2.5769999027252	0.9499306678772	-0.3123636841774	50	0
2.5780000686646	0.94989091157913	-0.31248414516449	50	0
2.5789999961853	0.94985121488571	-0.31260457634926	50	0
2.5799999237061	0.94981151819229	-0.31272459030151	50	0
2.5810000896454	0.94977176189423	-0.31284502148628	50	0
2.5820000171661	0.94973206520081	-0.31296545267105	50	0
2.5829999446869	0.94969218969345	-0.3130858540535	50	0
2.5840001106262	0.9496523141861	-0.31320628523827	50	0
2.585000038147	0.94961249828339	-0.31332671642303	50	0
2.5859999656677	0.94957286119461	-0.31344664096832	50	0
2.5869998931885	0.94953292608261	-0.31356707215309	50	0
2.5880000591278	0.94949305057526	-0.31368744373322	50	0
2.5889999866486	0.94945299625397	-0.3138082921505	50	0
2.5899999141693	0.94941312074661	-0.31392869353294	50	0
2.5910000801086	0.94937318563461	-0.31404909491539	50	0
2.5920000076294	0.94933319091797	-0.3141693174839	50	0
2.5929999351501	0.94929325580597	-0.31428968906403	50	0
2.5940001010895	0.94925326108932	-0.31441012024879	50	0
2.5950000286102	0.94921326637268	-0.31453049182892	50	0
2.595999956131	0.94917327165604	-0.31465089321136	50	0
2.5969998836517	0.9491331577301	-0.31477132439613	50	0
2.5980000495911	0.94909310340881	-0.31489169597626	50	0
2.5989999771118	0.94905298948288	-0.31501212716103	50	0
2.5999999046326	0.94901287555695	-0.31513252854347	50	0
2.6010000705719	0.94897276163101	-0.31525292992592	50	0
2.6019999980927	0.94893264770508	-0.31537333130836	50	0
2.6029999256134	0.9488924741745	-0.31549376249313	50	0
2.6040000915527	0.94885230064392	-0.3156141936779	50	0
2.6050000190735	0.94881212711334	-0.31573459506035	50	0
2.6059999465942	0.94877195358276	-0.31585499644279	50	0
2.6070001125336	0.94873172044754	-0.31597542762756	50	0
2.6080000400543	0.94869148731232	-0.31609588861465	50	0
2.6089999675751	0.94865119457245	-0.3162162899971	50	0
2.6099998950958	0.94861090183258	-0.31633672118187	50	0
2.6110000610352	0.94857066869736	-0.31645718216896	50	0
2.6119999885559	0.94853031635284	-0.31657758355141	50	0
2.6129999160767	0.94848996400833	-0.3166980445385	50	0
2.614000082016	0.94844961166382	-0.31681844592094	50	0
2.6150000095367	0.94840919971466	-0.31693890690804	50	0
2.6159999370575	0.94836884737015	-0.31705930829048	50	0
2.6170001029968	0.94832843542099	-0.3171797990799	50	0
2.6180000305176	0.94828796386719	-0.31730023026466	50	0
2.6189999580383	0.94824755191803	-0.31742066144943	50	0
2.6199998855591	0.94820702075958	-0.3175410926342	50	0
2.6210000514984	0.94816660881042	-0.31766155362129	50	0
2.6219999790192	0.94812607765198	-0.31778201460838	50	0
2.6229999065399	0.94808560609818	-0.3179025053978	50	0
2.6240000724792	0.94804495573044	-0.31802293658257	50	0
2.625	0.94800442457199	-0.31814336776733	50	0
2.6259999275208	0.94796395301819	-0.31826382875443	50	0
2.6270000934601	0.94792330265045	-0.31838431954384	50	0
2.6280000209808	0.94788265228271	-0.31850475072861	50	0
2.6289999485016	0.94784206151962	-0.3186252117157	50	0
2.6300001144409	0.94780141115189	-0.31874573230743	50	0
2.6310000419617	0.94776076078415	-0.3188661634922	50	0
2.6319999694824	0.94772005081177	-0.31898662447929	50	0
2.6329998970032	0.94767946004868	-0.31910711526871	50	0
2.6340000629425	0.947638630867	-0.31922760605812	50	0
2.6349999904633	0.94759786128998	-0.31934806704521	50	0
2.635999917984	0.9475571513176	-0.31946855783463	50	0
2.6370000839233	0.94751644134521	-0.31958904862404	50	0
2.6380000114441	0.94747549295425	-0.31970953941345	50	0
2.6389999389648	0.94743478298187	-0.31983003020287	50	0
2.6400001049042	0.9473939538002	-0.31995052099228	50	0
2.6410000324249	0.94735306501389	-0.32007098197937	50	0
2.6419999599457	0.94731223583221	-0.32019150257111	50	0
2.6429998874664	0.9472713470459	-0.32031202316284	50	0
2.6440000534058	0.94723039865494	-0.32043251395226	50	0
2.6449999809265	0.94718945026398	-0.32055297493935	50	0
2.6459999084473	0.94714856147766	-0.3206735253334	50	0
2.6470000743866	0.94710755348206	-0.32079401612282	50	0
2.6480000019073	0.94706660509109	-0.32091453671455	50	0
2.6489999294281	0.94702559709549	-0.32103502750397	50	0
2.6500000953674	0.94698458909988	-0.32115557789803	50	0
2.6510000228882	0.94694346189499	-0.32127609848976	50	0
2.6519999504089	0.94690251350403	-0.32139658927917	50	0
2.6530001163483	0.94686138629913	-0.32151710987091	50	0
2.654000043869	0.94682031869888	-0.32163766026497	50	0
2.6549999713898	0.94677913188934	-0.32175821065903	50	0
2.6559998989105	0.9467379450798	-0.32187870144844	50	0
2.6570000648499	0.94669687747955	-0.32199922204018	50	0
2.6579999923706	0.94665569067001	-0.32211977243423	50	0
2.6589999198914	0.94661456346512	-0.32224032282829	50	0
2.6600000858307	0.94657331705093	-0.32236081361771	50	0
2.6610000133514	0.94653207063675	-0.32248136401176	50	0
2.6619999408722	0.94649082422256	-0.32260194420815	50	0
2.6630001068115	0.94644951820374	-0.32272252440453	50	0
2.6640000343323	0.9464083313942	-0.32284301519394	50	0
2.664999961853	0.94636702537537	-0.32296362519264	50	0
2.6659998893738	0.94632571935654	-0.32308414578438	50	0
2.6670000553131	0.94628435373306	-0.32320469617844	50	0
2.6679999828339	0.94624292850494	-0.32332527637482	50	0
2.6689999103546	0.94620162248611	-0.3234458565712	50	0
2.6700000762939	0.94616025686264	-0.32356640696526	50	0
2.6710000038147	0.94611883163452	-0.32368695735931	50	0
2.6719999313354	0.94607728719711	-0.32380753755569	50	0
2.6730000972748	0.94603592157364	-0.32392811775208	50	0
2.6740000247955	0.94599443674088	-0.32404869794846	50	0
2.6749999523163	0.94595295190811	-0.32416927814484	50	0
2.6760001182556	0.94591146707535	-0.32428985834122	50	0
2.6770000457764	0.94586992263794	-0.3244104385376	50	0
2.6779999732971	0.94582837820053	-0.32453101873398	50	0
2.6789999008179	0.94578677415848	-0.32465162873268	50	0
2.6800000667572	0.94574522972107	-0.32477223873138	50	0
2.680999994278	0.94570362567902	-0.32489281892776	50	0
2.6819999217987	0.94566196203232	-0.32501342892647	50	0
2.683000087738	0.94562029838562	-0.32513403892517	50	0
2.6840000152588	0.94557863473892	-0.32525464892387	50	0
2.6849999427795	0.94553697109222	-0.3253752887249	50	0
2.6860001087189	0.94549530744553	-0.3254958987236	50	0
2.6870000362396	0.94545352458954	-0.32561647891998	50	0
2.6879999637604	0.9454118013382	-0.32573711872101	50	0
2.6889998912811	0.94537001848221	-0.32585772871971	50	0
2.6900000572205	0.94532823562622	-0.32597836852074	50	0
2.6909999847412	0.94528651237488	-0.32609900832176	50	0
2.691999912262	0.94524472951889	-0.32621964812279	50	0
2.6930000782013	0.94520282745361	-0.32634025812149	50	0
2.694000005722	0.94516098499298	-0.32646086812019	50	0
2.6949999332428	0.9451190829277	-0.32658156752586	50	0
2.6960000991821	0.94507724046707	-0.32670220732689	50	0
2.6970000267029	0.94503527879715	-0.32682281732559	50	0
2.6979999542236	0.94499337673187	-0.32694348692894	50	0
2.6989998817444	0.94495135545731	-0.32706415653229	50	0
2.7000000476837	0.94490939378738	-0.32718482613564	50	0
2.7009999752045	0.94486737251282	-0.32730546593666	50	0
2.7019999027252	0.9448254108429	-0.32742613554001	50	0
2.7030000686646	0.94478332996368	-0.32754683494568	50	0
2.7039999961853	0.94474130868912	-0.32766750454903	50	0
2.7049999237061	0.94469922780991	-0.32778817415237	50	0
2.7060000896454	0.94465714693069	-0.32790884375572	50	0
2.7070000171661	0.94461506605148	-0.32802951335907	50	0
2.7079999446869	0.94457292556763	-0.32815021276474	50	0
2.7090001106262	0.94453078508377	-0.32827085256577	50	0
2.710000038147	0.94448870420456	-0.32839161157608	50	0
2.7109999656677	0.94444638490677	-0.32851225137711	50	0
2.7119998931885	0.94440424442291	-0.32863295078278	50	0
2.7130000591278	0.94436198472977	-0.32875370979309	50	0
2.7139999866486	0.94431972503662	-0.32887440919876	50	0
2.7149999141693	0.94427752494812	-0.32899510860443	50	0
2.7160000801086	0.94423514604568	-0.3291158080101	50	0
2.7170000076294	0.94419288635254	-0.32923653721809	50	0
2.7179999351501	0.94415056705475	-0.32935726642609	50	0
2.7190001010895	0.94410824775696	-0.32947799563408	50	0
2.7200000286102	0.94406580924988	-0.32959872484207	50	0
2.720999956131	0.94402348995209	-0.32971945405006	50	0
2.7219998836517	0.94398099184036	-0.32984018325806	50	0
2.7230000495911	0.94393867254257	-0.32996094226837	50	0
2.7239999771118	0.94389623403549	-0.33008170127869	50	0
2.7249999046326	0.94385379552841	-0.330202460289	50	0
2.7260000705719	0.94381129741669	-0.33032321929932	50	0
2.7269999980927	0.94376879930496	-0.33044391870499	50	0
2.7279999256134	0.94372630119324	-0.33056470751762	50	0
2.7290000915527	0.94368374347687	-0.33068546652794	50	0
2.7300000190735	0.94364106655121	-0.33080622553825	50	0
2.7309999465942	0.94359850883484	-0.33092698454857	50	0
2.7320001125336	0.94355595111847	-0.33104777336121	50	0
2.7330000400543	0.9435133934021	-0.33116859197617	50	0
2.7339999675751	0.9434706568718	-0.33128935098648	50	0
2.7349998950958	0.94342797994614	-0.33141013979912	50	0
2.7360000610352	0.94338536262512	-0.33153092861176	50	0
2.7369999885559	0.94334268569946	-0.33165174722672	50	0
2.7379999160767	0.94329988956451	-0.33177253603935	50	0
2.739000082016	0.94325721263885	-0.33189338445663	50	0
2.7400000095367	0.94321447610855	-0.33201417326927	50	0
2.7409999370575	0.94317156076431	-0.33213499188423	50	0
2.7420001029968	0.94312876462936	-0.33225578069687	50	0
2.7430000305176	0.94308602809906	-0.33237659931183	50	0
2.7439999580383	0.94304317235947	-0.33249747753143	50	0
2.7449998855591	0.94300031661987	-0.33261826634407	50	0
2.7460000514984	0.94295740127563	-0.33273911476135	50	0
2.7469999790192	0.94291460514069	-0.33285996317863	50	0
2.7479999065399	0.94287157058716	-0.33298078179359	50	0
2.7490000724792	0.94282859563828	-0.3331016600132	50	0
2.75	0.94278573989868	-0.33322250843048	50	0
2.7509999275208	0.94274270534515	-0.33334335684776	50	0
2.7520000934601	0.94269967079163	-0.33346420526505	50	0
2.7530000209808	0.9426566362381	-0.33358508348465	50	0
2.7539999485016	0.94261366128922	-0.33370596170425	50	0
2.7550001144409	0.94257056713104	-0.33382683992386	50	0
2.7560000419617	0.94252741336823	-0.33394771814346	50	0
2.7569999694824	0.94248431921005	-0.33406862616539	50	0
2.7579998970032	0.94244128465652	-0.33418950438499	50	0
2.7590000629425	0.94239807128906	-0.33431041240692	50	0
2.7599999904633	0.9423548579216	-0.3344312608242	50	0
2.760999917984	0.94231182336807	-0.33455216884613	50	0
2.7620000839233	0.94226855039597	-0.33467316627502	50	0
2.7630000114441	0.94222521781921	-0.33479401469231	50	0
2.7639999389648	0.94218212366104	-0.33491492271423	50	0
2.7650001049042	0.94213879108429	-0.33503589034081	50	0
2.7660000324249	0.94209545850754	-0.33515676856041	50	0
2.7669999599457	0.94205212593079	-0.33527773618698	50	0
2.7679998874664	0.94200885295868	-0.33539870381355	50	0
2.7690000534058	0.94196552038193	-0.33551961183548	50	0
2.7699999809265	0.94192206859589	-0.33564054965973	50	0
2.7709999084473	0.94187867641449	-0.33576154708862	50	0
2.7720000743866	0.94183528423309	-0.33588248491287	50	0
2.7730000019073	0.94179183244705	-0.33600348234177	50	0
2.7739999294281	0.94174844026566	-0.33612442016602	50	0
2.7750000953674	0.94170486927032	-0.33624541759491	50	0
2.7760000228882	0.94166141748428	-0.3363664150238	50	0
2.7769999504089	0.9416179060936	-0.33648738265038	50	0
2.7780001163483	0.94157427549362	-0.33660835027695	50	0
2.779000043869	0.94153082370758	-0.33672934770584	50	0
2.7799999713898	0.9414871931076	-0.33685037493706	50	0
2.7809998989105	0.94144356250763	-0.33697134256363	50	0
2.7820000648499	0.94139993190765	-0.33709236979485	50	0
2.7829999923706	0.94135630130768	-0.33721336722374	50	0
2.7839999198914	0.9413126707077	-0.3373344540596	50	0
2.7850000858307	0.94126892089844	-0.33745545148849	50	0
2.7860000133514	0.94122529029846	-0.33757647871971	50	0
2.7869999408722	0.9411815404892	-0.33769753575325	50	0
2.7880001068115	0.94113773107529	-0.33781856298447	50	0
2.7890000343323	0.94109398126602	-0.33793964982033	50	0
2.789999961853	0.94105017185211	-0.33806070685387	50	0
2.7909998893738	0.94100630283356	-0.33818173408508	50	0
2.7920000553131	0.94096255302429	-0.33830282092094	50	0
2.7929999828339	0.94091868400574	-0.33842387795448	50	0
2.7939999103546	0.94087475538254	-0.33854496479034	50	0
2.7950000762939	0.94083094596863	-0.33866605162621	50	0
2.7960000038147	0.94078695774078	-0.33878710865974	50	0
2.7969999313354	0.94074296951294	-0.33890822529793	50	0
2.7980000972748	0.94069904088974	-0.33902937173843	50	0
2.7990000247955	0.9406550526619	-0.3391504585743	50	0
2.7999999523163	0.94061106443405	-0.33927157521248	50	0
2.8010001182556	0.94056701660156	-0.33939269185066	50	0
2.8020000457764	0.94052296876907	-0.33951380848885	50	0
2.8029999732971	0.94047898054123	-0.33963495492935	50	0
2.8039999008179	0.94043475389481	-0.33975607156754	50	0
2.8050000667572	0.94039058685303	-0.33987730741501	50	0
2.805999994278	0.94034653902054	-0.33999839425087	50	0
2.8069999217987	0.94030237197876	-0.3401195704937	50	0
2.808000087738	0.94025814533234	-0.34024074673653	50	0
2.8090000152588	0.94021397829056	-0.34036189317703	50	0
2.8099999427795	0.94016975164413	-0.34048306941986	50	0
2.8110001087189	0.94012552499771	-0.34060427546501	50	0
2.8120000362396	0.94008123874664	-0.34072545170784	50	0
2.8129999637604	0.94003689289093	-0.34084665775299	50	0
2.8139998912811	0.93999266624451	-0.34096786379814	50	0
2.8150000572205	0.93994826078415	-0.34108906984329	50	0
2.8159999847412	0.93990391492844	-0.34121030569077	50	0
2.816999912262	0.93985950946808	-0.34133154153824	50	0
2.8180000782013	0.93981510400772	-0.34145274758339	50	0
2.819000005722	0.93977069854736	-0.34157398343086	50	0
2.8199999332428	0.93972617387772	-0.34169524908066	50	0
2.8210000991821	0.93968176841736	-0.34181651473045	50	0
2.8220000267029	0.93963724374771	-0.34193775057793	50	0
2.8229999542236	0.93959277868271	-0.34205901622772	50	0
2.8239998817444	0.93954819440842	-0.34218028187752	50	0
2.8250000476837	0.93950361013412	-0.34230157732964	50	0
2.8259999752045	0.93945908546448	-0.34242284297943	50	0
2.8269999027252	0.93941450119019	-0.34254410862923	50	0
2.8280000686646	0.93936985731125	-0.34266543388367	50	0
2.8289999961853	0.93932521343231	-0.34278672933578	50	0
2.8299999237061	0.93928050994873	-0.34290805459023	50	0
2.8310000896454	0.93923580646515	-0.34302935004234	50	0
2.8320000171661	0.93919104337692	-0.34315070509911	50	0
2.8329999446869	0.93914639949799	-0.34327206015587	50	0
2.8340001106262	0.93910157680511	-0.34339335560799	50	0
2.835000038147	0.93905681371689	-0.34351474046707	50	0
2.8359999656677	0.93901193141937	-0.34363609552383	50	0
2.8369998931885	0.93896716833115	-0.3437574505806	50	0
2.8380000591278	0.93892234563828	-0.34387883543968	50	0
2.8389999866486	0.93887746334076	-0.34400022029877	50	0
2.8399999141693	0.93883246183395	-0.34412157535553	50	0
2.8410000801086	0.93878763914108	-0.34424301981926	50	0
2.8420000076294	0.93874263763428	-0.34436440467834	50	0
2.8429999351501	0.93869769573212	-0.34448581933975	50	0
2.8440001010895	0.93865269422531	-0.34460723400116	50	0
2.8450000286102	0.93860763311386	-0.34472867846489	50	0
2.845999956131	0.93856263160706	-0.3448500931263	50	0
2.8469998836517	0.93851751089096	-0.34497153759003	50	0
2.8480000495911	0.93847250938416	-0.34509301185608	50	0
2.8489999771118	0.93842738866806	-0.34521445631981	50	0
2.8499999046326	0.93838226795197	-0.34533596038818	50	0
2.8510000705719	0.93833708763123	-0.34545737504959	50	0
2.8519999980927	0.93829190731049	-0.34557887911797	50	0
2.8529999256134	0.9382466673851	-0.34570035338402	50	0
2.8540000915527	0.93820142745972	-0.34582182765007	50	0
2.8550000190735	0.93815618753433	-0.34594336152077	50	0
2.8559999465942	0.93811100721359	-0.34606489539146	50	0
2.8570001125336	0.93806564807892	-0.34618651866913	50	0
2.8580000400543	0.93802046775818	-0.34630754590034	50	0
2.8589999675751	0.93797492980957	-0.34642952680588	50	0
2.8599998950958	0.93792951107025	-0.34655147790909	50	0
2.8610000610352	0.93788427114487	-0.3466725051403	50	0
2.8619999885559	0.93783873319626	-0.34679445624352	50	0
2.8629999160767	0.93779331445694	-0.34691593050957	50	0
2.864000082016	0.93774789571762	-0.34703743457794	50	0
2.8650000095367	0.9377024769783	-0.34715887904167	50	0
2.8659999370575	0.93765687942505	-0.34728077054024	50	0
2.8670001029968	0.93761140108109	-0.34740221500397	50	0
2.8680000305176	0.9375656247139	-0.34752410650253	50	0
2.8689999580383	0.93752032518387	-0.34764513373375	50	0
2.8699998855591	0.93747466802597	-0.34776699542999	50	0
2.8710000514984	0.93742907047272	-0.3478884100914	50	0
2.8719999790192	0.93738335371017	-0.34801027178764	50	0
2.8729999065399	0.93733757734299	-0.34813198447227	50	0
2.8740000724792	0.93729186058044	-0.34825363755226	50	0
2.875	0.9372461438179	-0.34837532043457	50	0
2.8759999275208	0.93720030784607	-0.34849700331688	50	0
2.8770000934601	0.93715459108353	-0.34861871600151	50	0
2.8780000209808	0.93710875511169	-0.34874042868614	50	0
2.8789999485016	0.93706297874451	-0.34886214137077	50	0
2.8800001144409	0.93701708316803	-0.34898388385773	50	0
2.8810000419617	0.9369712471962	-0.34910559654236	50	0
2.8819999694824	0.93692535161972	-0.34922733902931	50	0
2.8829998970032	0.93687933683395	-0.34934911131859	50	0
2.8840000629425	0.93683338165283	-0.34947085380554	50	0
2.8849999904633	0.93678736686707	-0.34959265589714	50	0
2.885999917984	0.9367413520813	-0.34971445798874	50	0
2.8870000839233	0.93669539690018	-0.34983620047569	50	0
2.8880000114441	0.93664932250977	-0.34995806217194	50	0
2.8889999389648	0.93660324811935	-0.35007983446121	50	0
2.8900001049042	0.93655717372894	-0.35020169615746	50	0
2.8910000324249	0.93651098012924	-0.3503235578537	50	0
2.8919999599457	0.93646484613419	-0.3504453599453	50	0
2.8929998874664	0.93641871213913	-0.35056722164154	50	0
2.8940000534058	0.93637239933014	-0.35068908333778	50	0
2.8949999809265	0.93632620573044	-0.35081097483635	50	0
2.8959999084473	0.93628001213074	-0.35093283653259	50	0
2.8970000743866	0.9362336397171	-0.35105472803116	50	0
2.8980000019073	0.93618738651276	-0.35117667913437	50	0
2.8989999294281	0.93614095449448	-0.35129857063293	50	0
2.9000000953674	0.93609464168549	-0.35142049193382	50	0
2.9010000228882	0.93604820966721	-0.35154241323471	50	0
2.9019999504089	0.93600183725357	-0.35166442394257	50	0
2.9030001163483	0.93595534563065	-0.35178631544113	50	0
2.904000043869	0.93590891361237	-0.35190835595131	50	0
2.9049999713898	0.93586242198944	-0.35203030705452	50	0
2.9059998989105	0.93581587076187	-0.35215231776237	50	0
2.9070000648499	0.9357693195343	-0.35227429866791	50	0
2.9079999923706	0.93572270870209	-0.35239630937576	50	0
2.9089999198914	0.93567615747452	-0.35251834988594	50	0
2.9100000858307	0.9356295466423	-0.3526403605938	50	0
2.9110000133514	0.93558287620544	-0.3527624309063	50	0
2.9119999408722	0.93553614616394	-0.35288447141647	50	0
2.9130001068115	0.93548947572708	-0.35300654172897	50	0
2.9140000343323	0.93544280529022	-0.35312861204147	50	0
2.914999961853	0.93539589643478	-0.3532507121563	50	0
2.9159998893738	0.93534922599792	-0.35337287187576	50	0
2.9170000553131	0.93530231714249	-0.35349494218826	50	0
2.9179999828339	0.93525552749634	-0.35361710190773	50	0
2.9189999103546	0.93520867824554	-0.35373920202255	50	0
2.9200000762939	0.93516170978546	-0.35386136174202	50	0
2.9210000038147	0.93511480093002	-0.35398352146149	50	0
2.9219999313354	0.93506783246994	-0.35410568118095	50	0
2.9230000972748	0.93502080440521	-0.35422790050507	50	0
2.9240000247955	0.93497377634048	-0.35435009002686	50	0
2.9249999523163	0.9349268078804	-0.35447227954865	50	0
2.9260001182556	0.93487977981567	-0.35459452867508	50	0
2.9270000457764	0.9348326921463	-0.35471671819687	50	0
2.9279999732971	0.93478560447693	-0.35483899712563	50	0
2.9289999008179	0.93473833799362	-0.35496124625206	50	0
2.9300000667572	0.93469125032425	-0.35508349537849	50	0
2.930999994278	0.9346439242363	-0.35520580410957	50	0
2.9319999217987	0.93459671735764	-0.35532808303833	50	0
2.933000087738	0.93454951047897	-0.35545039176941	50	0
2.9340000152588	0.93450224399567	-0.35557273030281	50	0
2.9349999427795	0.93445491790771	-0.35569509863853	50	0
2.9360001087189	0.93440759181976	-0.35581740736961	50	0
2.9370000362396	0.93436020612717	-0.35593974590302	50	0
2.9379999637604	0.93431276082993	-0.35606214404106	50	0
2.9389998912811	0.93426531553268	-0.35618451237679	50	0
2.9400000572205	0.93421787023544	-0.35630691051483	50	0
2.9409999847412	0.93417030572891	-0.35642930865288	50	0
2.941999912262	0.93412280082703	-0.35655173659325	50	0
2.9430000782013	0.93407529592514	-0.35667419433594	50	0
2.944000005722	0.93402767181396	-0.35679665207863	50	0
2.9449999332428	0.93398010730743	-0.35691910982132	50	0
2.9460000991821	0.93393242359161	-0.35704159736633	50	0
2.9470000267029	0.93388473987579	-0.35716408491135	50	0
2.9479999542236	0.93383705615997	-0.35728654265404	50	0
2.9489998817444	0.93378937244415	-0.3574090898037	50	0
2.9500000476837	0.93374162912369	-0.35753160715103	50	0
