CST XY Data Exchange Format V2

Title    = S-Parameters
Xlabel   = Frequency / GHz
Ylabel   = dB

Curvelabel          = S1,1
Filename            = ^cS1(1)1(1).sig
Npoints             = 1001
Type                = 8
Subtype             = 16
Result type         = complex:none;impedance
View type           = Cartesian
Plot type           = Magnitude dB
Data/Title          = S-Parameters
X/Label             = Frequency
X/Unit              = GHz
Y/Unit              = 
Y/Logfactor         = 20
Plot/wrapHeuristics = 0

1.9500000476837	0.95523816347122	-0.29580491781235	50	0
1.9509999752045	0.95519232749939	-0.2959531545639	50	0
1.9520000219345	0.95514631271362	-0.29610139131546	50	0
1.9529999494553	0.95510029792786	-0.29624959826469	50	0
1.9539999961853	0.95505422353745	-0.29639780521393	50	0
1.9550000429153	0.95500826835632	-0.29654601216316	50	0
1.9559999704361	0.95496213436127	-0.29669424891472	50	0
1.9570000171661	0.95491605997086	-0.29684242606163	50	0
1.9579999446869	0.9548699259758	-0.29699063301086	50	0
1.9589999914169	0.95482379198074	-0.2971388399601	50	0
1.960000038147	0.95477759838104	-0.29728704690933	50	0
1.9609999656677	0.9547313451767	-0.29743519425392	50	0
1.9620000123978	0.954685151577	-0.29758334159851	50	0
1.9630000591278	0.95463895797729	-0.29773151874542	50	0
1.9639999866486	0.9545926451683	-0.29787969589233	50	0
1.9650000333786	0.95454639196396	-0.29802787303925	50	0
1.9659999608994	0.95450001955032	-0.29817602038383	50	0
1.9670000076294	0.95445370674133	-0.29832416772842	50	0
1.9680000543594	0.95440739393234	-0.29847231507301	50	0
1.9689999818802	0.95436096191406	-0.2986204624176	50	0
1.9700000286102	0.95431458950043	-0.29876857995987	50	0
1.970999956131	0.9542680978775	-0.29891669750214	50	0
1.972000002861	0.95422160625458	-0.2990648150444	50	0
1.9730000495911	0.95417523384094	-0.29921290278435	50	0
1.9739999771118	0.95412868261337	-0.29936105012894	50	0
1.9750000238419	0.95408219099045	-0.29950910806656	50	0
1.9759999513626	0.95403563976288	-0.29965725541115	50	0
1.9769999980927	0.95398902893066	-0.29980534315109	50	0
1.9780000448227	0.95394241809845	-0.29995343089104	50	0
1.9789999723434	0.95389580726624	-0.30010151863098	50	0
1.9800000190735	0.95384913682938	-0.30024960637093	50	0
1.9809999465942	0.95380252599716	-0.30039769411087	50	0
1.9819999933243	0.95375591516495	-0.30054572224617	50	0
1.9830000400543	0.9537091255188	-0.30069380998611	50	0
1.9839999675751	0.95366245508194	-0.30084189772606	50	0
1.9850000143051	0.95361572504044	-0.30098995566368	50	0
1.9859999418259	0.95356893539429	-0.30113798379898	50	0
1.9869999885559	0.95352208614349	-0.30128601193428	50	0
1.9880000352859	0.95347529649734	-0.3014340698719	50	0
1.9889999628067	0.95342844724655	-0.30158206820488	50	0
1.9900000095367	0.95338159799576	-0.30173015594482	50	0
1.9910000562668	0.95333468914032	-0.3018781542778	50	0
1.9919999837875	0.95328778028488	-0.3020261824131	50	0
1.9930000305176	0.9532408118248	-0.30217418074608	50	0
1.9939999580383	0.95319390296936	-0.30232217907906	50	0
1.9950000047684	0.95314681529999	-0.30247017741203	50	0
1.9960000514984	0.95309990644455	-0.30261820554733	50	0
1.9969999790192	0.95305281877518	-0.30276623368263	50	0
1.9980000257492	0.95300579071045	-0.30291423201561	50	0
1.99899995327	0.95295870304108	-0.30306220054626	50	0
2	0.9529116153717	-0.30321019887924	50	0
2.0009999275208	0.95286446809769	-0.30335810780525	50	0
2.0020000934601	0.95281738042831	-0.30350610613823	50	0
2.0030000209808	0.95277011394501	-0.30365410447121	50	0
2.0039999485016	0.95272290706635	-0.30380207300186	50	0
2.0050001144409	0.95267570018768	-0.30395001173019	50	0
2.0060000419617	0.95262843370438	-0.30409795045853	50	0
2.0069999694824	0.95258122682571	-0.30424591898918	50	0
2.0079998970032	0.95253390073776	-0.30439385771751	50	0
2.0090000629425	0.95248663425446	-0.30454182624817	50	0
2.0099999904633	0.9524393081665	-0.3046897649765	50	0
2.010999917984	0.95239186286926	-0.30483767390251	50	0
2.0120000839233	0.95234447717667	-0.30498561263084	50	0
2.0130000114441	0.95229709148407	-0.30513355135918	50	0
2.0139999389648	0.95224970579147	-0.30528143048286	50	0
2.0150001049042	0.95220237970352	-0.30542939901352	50	0
2.0160000324249	0.95215475559235	-0.3055773973465	50	0
2.0169999599457	0.95210742950439	-0.30572497844696	50	0
2.0179998874664	0.95205986499786	-0.30587297677994	50	0
2.0190000534058	0.95201224088669	-0.30602094531059	50	0
2.0199999809265	0.95196479558945	-0.30616846680641	50	0
2.0209999084473	0.95191705226898	-0.30631691217422	50	0
2.0220000743866	0.95186942815781	-0.30646488070488	50	0
2.0230000019073	0.95182168483734	-0.30661281943321	50	0
2.0239999294281	0.95177417993546	-0.30676031112671	50	0
2.0250000953674	0.95172649621964	-0.30690824985504	50	0
2.0260000228882	0.95167869329453	-0.30705618858337	50	0
2.0269999504089	0.95163112878799	-0.30720365047455	50	0
2.0280001163483	0.95158320665359	-0.30735203623772	50	0
2.029000043869	0.95153534412384	-0.30749967694283	50	0
2.0299999713898	0.95148760080338	-0.30764746665955	50	0
2.0309998989105	0.95143973827362	-0.30779531598091	50	0
2.0320000648499	0.95139193534851	-0.3079431951046	50	0
2.0329999923706	0.95134401321411	-0.30809101462364	50	0
2.0339999198914	0.95129615068436	-0.30823886394501	50	0
2.0350000858307	0.95124822854996	-0.30838668346405	50	0
2.0360000133514	0.95120030641556	-0.30853444337845	50	0
2.0369999408722	0.95115220546722	-0.30868232250214	50	0
2.0380001068115	0.95110428333282	-0.30883011221886	50	0
2.0390000343323	0.95105630159378	-0.30897790193558	50	0
2.039999961853	0.95100820064545	-0.30912572145462	50	0
2.0409998893738	0.95096015930176	-0.30927351117134	50	0
2.0420000553131	0.95091205835342	-0.30942127108574	50	0
2.0429999828339	0.95086389780045	-0.30956906080246	50	0
2.0439999103546	0.95081579685211	-0.3097168803215	50	0
2.0450000762939	0.95076769590378	-0.3098646402359	50	0
2.0460000038147	0.95071941614151	-0.31001242995262	50	0
2.0469999313354	0.95067125558853	-0.31016018986702	50	0
2.0480000972748	0.95062303543091	-0.31030794978142	50	0
2.0490000247955	0.95057475566864	-0.31045573949814	50	0
2.0499999523163	0.95052641630173	-0.31060346961021	50	0
2.0510001182556	0.95047813653946	-0.31075119972229	50	0
2.0520000457764	0.95042979717255	-0.31089895963669	50	0
2.0529999732971	0.95038145780563	-0.31104671955109	50	0
2.0539999008179	0.95033305883408	-0.31119444966316	50	0
2.0550000667572	0.95028465986252	-0.31134214997292	50	0
2.055999994278	0.95023626089096	-0.31148988008499	50	0
2.0569999217987	0.95018780231476	-0.31163761019707	50	0
2.058000087738	0.95013928413391	-0.31178534030914	50	0
2.0590000152588	0.95009088516235	-0.31193307042122	50	0
2.0599999427795	0.95004236698151	-0.31208077073097	50	0
2.0610001087189	0.94999384880066	-0.31222847104073	50	0
2.0620000362396	0.94994521141052	-0.31237617135048	50	0
2.0629999637604	0.94989663362503	-0.31252390146255	50	0
2.0639998912811	0.94984799623489	-0.31267157196999	50	0
2.0650000572205	0.94979935884476	-0.31281927227974	50	0
2.0659999847412	0.94975072145462	-0.31296697258949	50	0
2.066999912262	0.94970202445984	-0.3131146132946	50	0
2.0680000782013	0.94965332746506	-0.31326231360435	50	0
2.069000005722	0.94960451126099	-0.31340992450714	50	0
2.0699999332428	0.9495558142662	-0.31355762481689	50	0
2.0710000991821	0.94950699806213	-0.31370532512665	50	0
2.0720000267029	0.94945824146271	-0.31385293602943	50	0
2.0729999542236	0.94940930604935	-0.31400063633919	50	0
2.0739998817444	0.94936054944992	-0.31414824724197	50	0
2.0750000476837	0.94931161403656	-0.31429588794708	50	0
2.0759999752045	0.9492626786232	-0.31444355845451	50	0
2.0769999027252	0.94921374320984	-0.31459119915962	50	0
2.0780000686646	0.94916480779648	-0.31473881006241	50	0
2.0789999961853	0.94911587238312	-0.31488645076752	50	0
2.0799999237061	0.94906687736511	-0.31503409147263	50	0
2.0810000896454	0.94901776313782	-0.31518167257309	50	0
2.0820000171661	0.94896870851517	-0.31532928347588	50	0
2.0829999446869	0.94891959428787	-0.31547689437866	50	0
2.0840001106262	0.94887059926987	-0.31562450528145	50	0
2.085000038147	0.94882142543793	-0.31577205657959	50	0
2.0859999656677	0.94877231121063	-0.31591966748238	50	0
2.0869998931885	0.94872313737869	-0.31606727838516	50	0
2.0880000591278	0.94867390394211	-0.3162148296833	50	0
2.0889999866486	0.94862467050552	-0.31636244058609	50	0
2.0899999141693	0.94857543706894	-0.31651002168655	50	0
2.0910000801086	0.94852608442307	-0.31665754318237	50	0
2.0920000076294	0.94847679138184	-0.31680512428284	50	0
2.0929999351501	0.94842755794525	-0.31695267558098	50	0
2.0940001010895	0.94837820529938	-0.31710025668144	50	0
2.0950000286102	0.94832879304886	-0.31724780797958	50	0
2.095999956131	0.94827944040298	-0.31739535927773	50	0
2.0969998836517	0.94823002815247	-0.31754291057587	50	0
2.0980000495911	0.9481805562973	-0.31769046187401	50	0
2.0989999771118	0.94813108444214	-0.31783801317215	50	0
2.0999999046326	0.94808161258698	-0.31798550486565	50	0
2.1010000705719	0.94803214073181	-0.31813305616379	50	0
2.1019999980927	0.94798254966736	-0.31828057765961	50	0
2.1029999256134	0.94793301820755	-0.31842803955078	50	0
2.1040000915527	0.9478834271431	-0.3185755610466	50	0
2.1050000190735	0.94783383607864	-0.31872308254242	50	0
2.1059999465942	0.94778418540955	-0.31887057423592	50	0
2.1070001125336	0.94773453474045	-0.31901809573174	50	0
2.1080000400543	0.94768482446671	-0.31916555762291	50	0
2.1089999675751	0.94763511419296	-0.31931304931641	50	0
2.1099998950958	0.94758540391922	-0.3194605410099	50	0
2.1110000610352	0.94753557443619	-0.31960800290108	50	0
2.1119999885559	0.9474858045578	-0.31975546479225	50	0
2.1129999160767	0.94743603467941	-0.31990295648575	50	0
2.114000082016	0.94738620519638	-0.32005041837692	50	0
2.1150000095367	0.9473363161087	-0.3201978802681	50	0
2.1159999370575	0.94728648662567	-0.32034534215927	50	0
2.1170001029968	0.94723659753799	-0.32049280405045	50	0
2.1180000305176	0.94718664884567	-0.32064020633698	50	0
2.1189999580383	0.94713670015335	-0.32078763842583	50	0
2.1199998855591	0.94708669185638	-0.32093507051468	50	0
2.1210000514984	0.94703668355942	-0.32108256220818	50	0
2.1219999790192	0.94698661565781	-0.32122996449471	50	0
2.1229999065399	0.94693666696548	-0.32137739658356	50	0
2.1240000724792	0.94688653945923	-0.32152479887009	50	0
2.125	0.94683647155762	-0.32167223095894	50	0
2.1259999275208	0.94678628444672	-0.32181960344315	50	0
2.1270000934601	0.94673615694046	-0.32196700572968	50	0
2.1280000209808	0.94668596982956	-0.32211437821388	50	0
2.1289999485016	0.9466358423233	-0.32226181030273	50	0
2.1300001144409	0.9465856552124	-0.32240915298462	50	0
2.1310000419617	0.94653534889221	-0.32255655527115	50	0
2.1319999694824	0.94648510217667	-0.32270398736	50	0
2.1329998970032	0.94643479585648	-0.32285130023956	50	0
2.1340000629425	0.94638442993164	-0.32299867272377	50	0
2.1349999904633	0.94633406400681	-0.32314604520798	50	0
2.135999917984	0.94628369808197	-0.32329338788986	50	0
2.1370000839233	0.94623333215714	-0.32344079017639	50	0
2.1380000114441	0.94618290662766	-0.32358813285828	50	0
2.1389999389648	0.94613248109818	-0.32373544573784	50	0
2.1400001049042	0.94608199596405	-0.32388281822205	50	0
2.1410000324249	0.94603151082993	-0.32403010129929	50	0
2.1419999599457	0.9459810256958	-0.32417747378349	50	0
2.1429998874664	0.94593042135239	-0.32432478666306	50	0
2.1440000534058	0.94587987661362	-0.32447212934494	50	0
2.1449999809265	0.94582933187485	-0.3246194422245	50	0
2.1459999084473	0.94577866792679	-0.32476675510406	50	0
2.1470000743866	0.94572800397873	-0.32491400837898	50	0
2.1480000019073	0.94567734003067	-0.32506135106087	50	0
2.1489999294281	0.94562667608261	-0.32520863413811	50	0
2.1500000953674	0.94557595252991	-0.32535591721535	50	0
2.1510000228882	0.94552528858185	-0.32550323009491	50	0
2.1519999504089	0.94547456502914	-0.32565051317215	50	0
2.1530001163483	0.94542372226715	-0.32579779624939	50	0
2.154000043869	0.94537287950516	-0.32594501972198	50	0
2.1549999713898	0.94532209634781	-0.32609230279922	50	0
2.1559998989105	0.94527125358582	-0.32623958587646	50	0
2.1570000648499	0.94522029161453	-0.32638683915138	50	0
2.1579999923706	0.94516932964325	-0.32653406262398	50	0
2.1589999198914	0.94511848688126	-0.32668134570122	50	0
2.1600000858307	0.94506746530533	-0.32682856917381	50	0
2.1610000133514	0.94501650333405	-0.32697582244873	50	0
2.1619999408722	0.94496554136276	-0.327123016119	50	0
2.1630001068115	0.94491446018219	-0.3272702395916	50	0
2.1640000343323	0.94486343860626	-0.32741749286652	50	0
2.164999961853	0.94481235742569	-0.32756471633911	50	0
2.1659998893738	0.94476127624512	-0.32771191000938	50	0
2.1670000553131	0.94471007585526	-0.32785913348198	50	0
2.1679999828339	0.94465887546539	-0.32800632715225	50	0
2.1689999103546	0.94460791349411	-0.32815352082253	50	0
2.1700000762939	0.9445566534996	-0.3283007144928	50	0
2.1710000038147	0.9445053935051	-0.32844793796539	50	0
2.1719999313354	0.94445419311523	-0.32859510183334	50	0
2.1730000972748	0.94440287351608	-0.32874226570129	50	0
2.1740000247955	0.94435155391693	-0.32888942956924	50	0
2.1749999523163	0.94430023431778	-0.32903662323952	50	0
2.1760001182556	0.94424891471863	-0.32918384671211	50	0
2.1770000457764	0.94419753551483	-0.32933095097542	50	0
2.1779999732971	0.94414609670639	-0.32947808504105	50	0
2.1789999008179	0.94409471750259	-0.329625248909	50	0
2.1800000667572	0.94404321908951	-0.32977238297462	50	0
2.180999994278	0.94399178028107	-0.32991954684258	50	0
2.1819999217987	0.94394028186798	-0.3300666809082	50	0
2.183000087738	0.94388872385025	-0.33021378517151	50	0
2.1840000152588	0.94383722543716	-0.33036094903946	50	0
2.1849999427795	0.94378566741943	-0.33050805330276	50	0
2.1860001087189	0.9437341094017	-0.33065515756607	50	0
2.1870000362396	0.94368249177933	-0.33080223202705	50	0
2.1879999637604	0.94363081455231	-0.330949395895	50	0
2.1889998912811	0.94357919692993	-0.33109650015831	50	0
2.1900000572205	0.94352751970291	-0.33124360442162	50	0
2.1909999847412	0.9434757232666	-0.3313906788826	50	0
2.191999912262	0.94342404603958	-0.33153775334358	50	0
2.1930000782013	0.94337224960327	-0.33168485760689	50	0
2.194000005722	0.94332045316696	-0.33183193206787	50	0
2.1949999332428	0.94326865673065	-0.33197897672653	50	0
2.1960000991821	0.9432168006897	-0.33212602138519	50	0
2.1970000267029	0.94316494464874	-0.33227309584618	50	0
2.1979999542236	0.94311302900314	-0.33242020010948	50	0
2.1989998817444	0.94306123256683	-0.33256721496582	50	0
2.2000000476837	0.94300925731659	-0.33271425962448	50	0
2.2009999752045	0.94295734167099	-0.33286133408546	50	0
2.2019999027252	0.94290524721146	-0.33300831913948	50	0
2.2030000686646	0.94285327196121	-0.33315533399582	50	0
2.2039999961853	0.94280117750168	-0.3333024084568	50	0
2.2049999237061	0.94274914264679	-0.33344942331314	50	0
2.2060000896454	0.9426971077919	-0.33359643816948	50	0
2.2070000171661	0.94264495372772	-0.3337434232235	50	0
2.2079999446869	0.94259285926819	-0.33389049768448	50	0
2.2090001106262	0.94254070520401	-0.33403745293617	50	0
2.210000038147	0.94248855113983	-0.33418446779251	50	0
2.2109999656677	0.94243633747101	-0.33433145284653	50	0
2.2119998931885	0.94238424301147	-0.33447846770287	50	0
2.2130000591278	0.94233191013336	-0.33462545275688	50	0
2.2139999866486	0.94227969646454	-0.33477240800858	50	0
2.2149999141693	0.94222736358643	-0.33491939306259	50	0
2.2160000801086	0.94217497110367	-0.33506634831429	50	0
2.2170000076294	0.94212257862091	-0.3352133333683	50	0
2.2179999351501	0.94207030534744	-0.33536025881767	50	0
2.2190001010895	0.94201785326004	-0.33550724387169	50	0
2.2200000286102	0.94196540117264	-0.33565419912338	50	0
2.220999956131	0.94191300868988	-0.33580112457275	50	0
2.2219998836517	0.94186049699783	-0.33594807982445	50	0
2.2230000495911	0.94180798530579	-0.33609503507614	50	0
2.2239999771118	0.94175553321838	-0.33624199032784	50	0
2.2249999046326	0.94170296192169	-0.33638885617256	50	0
2.2260000705719	0.941650390625	-0.33653584122658	50	0
2.2269999980927	0.94159781932831	-0.3366827070713	50	0
2.2279999256134	0.94154518842697	-0.33682963252068	50	0
2.2290000915527	0.94149255752563	-0.33697652816772	50	0
2.2300000190735	0.9414399266243	-0.33712348341942	50	0
2.2309999465942	0.94138717651367	-0.33727031946182	50	0
2.2320001125336	0.94133448600769	-0.33741721510887	50	0
2.2330000400543	0.94128173589706	-0.33756414055824	50	0
2.2339999675751	0.94122898578644	-0.33771100640297	50	0
2.2349998950958	0.94117623567581	-0.33785790205002	50	0
2.2360000610352	0.9411233663559	-0.33800476789474	50	0
2.2369999885559	0.94107049703598	-0.33815163373947	50	0
2.2379999160767	0.94101768732071	-0.33829846978188	50	0
2.239000082016	0.94096475839615	-0.3384453356266	50	0
2.2400000095367	0.94091188907623	-0.33859223127365	50	0
2.2409999370575	0.94085901975632	-0.33873909711838	50	0
2.2420001029968	0.94080597162247	-0.33888590335846	50	0
2.2430000305176	0.94075298309326	-0.33903276920319	50	0
2.2439999580383	0.94069999456406	-0.33917960524559	50	0
2.2449998855591	0.94064694643021	-0.33932644128799	50	0
2.2460000514984	0.94059389829636	-0.3394732773304	50	0
2.2469999790192	0.94054085016251	-0.33962008357048	50	0
2.2479999065399	0.94048774242401	-0.33976691961288	50	0
2.2490000724792	0.94043457508087	-0.33991372585297	50	0
2.25	0.94038146734238	-0.34006053209305	50	0
2.2509999275208	0.94032818078995	-0.34020730853081	50	0
2.2520000934601	0.94027501344681	-0.34035414457321	50	0
2.2530000209808	0.94022184610367	-0.34050095081329	50	0
2.2539999485016	0.94016861915588	-0.34064769744873	50	0
2.2550001144409	0.94011533260345	-0.34079453349113	50	0
2.2560000419617	0.94006198644638	-0.34094128012657	50	0
2.2569999694824	0.94000864028931	-0.34108808636665	50	0
2.2579998970032	0.93995529413223	-0.34123489260674	50	0
2.2590000629425	0.9399020075798	-0.34138160943985	50	0
2.2599999904633	0.93984854221344	-0.34152835607529	50	0
2.260999917984	0.93979513645172	-0.34167516231537	50	0
2.2620000839233	0.93974167108536	-0.34182187914848	50	0
2.2630000114441	0.93968814611435	-0.3419685959816	50	0
2.2639999389648	0.93963468074799	-0.342115432024	50	0
2.2650001049042	0.93958121538162	-0.34226217865944	50	0
2.2660000324249	0.93952763080597	-0.34240889549255	50	0
2.2669999599457	0.93947398662567	-0.34255561232567	50	0
2.2679998874664	0.93942040205002	-0.34270235896111	50	0
2.2690000534058	0.93936687707901	-0.34284907579422	50	0
2.2699999809265	0.93931329250336	-0.34299579262733	50	0
2.2709999084473	0.93925952911377	-0.34314247965813	50	0
2.2720000743866	0.93920582532883	-0.34328922629356	50	0
2.2730000019073	0.93915218114853	-0.34343591332436	50	0
2.2739999294281	0.9390983581543	-0.34358260035515	50	0
2.2750000953674	0.93904465436935	-0.34372934699059	50	0
2.2760000228882	0.93899083137512	-0.34387600421906	50	0
2.2769999504089	0.93893700838089	-0.34402266144753	50	0
2.2780001163483	0.93888312578201	-0.34416937828064	50	0
2.279000043869	0.93882936239243	-0.34431606531143	50	0
2.2799999713898	0.9387754201889	-0.34446275234222	50	0
2.2809998989105	0.93872153759003	-0.34460940957069	50	0
2.2820000648499	0.93866759538651	-0.34475603699684	50	0
2.2829999923706	0.93861365318298	-0.34490275382996	50	0
2.2839999198914	0.93855953216553	-0.3450493812561	50	0
2.2850000858307	0.93850558996201	-0.34519600868225	50	0
2.2860000133514	0.93845158815384	-0.34534269571304	50	0
2.2869999408722	0.93839752674103	-0.34548929333687	50	0
2.2880001068115	0.93834334611893	-0.34563595056534	50	0
2.2890000343323	0.93828934431076	-0.34578263759613	50	0
2.289999961853	0.9382352232933	-0.34592920541763	50	0
2.2909998893738	0.9381810426712	-0.3460758626461	50	0
2.2920000553131	0.9381268620491	-0.34622249007225	50	0
2.2929999828339	0.93807262182236	-0.34636908769608	50	0
2.2939999103546	0.93801844120026	-0.3465156853199	50	0
2.2950000762939	0.93796414136887	-0.34666243195534	50	0
2.2960000038147	0.93790978193283	-0.34680905938148	50	0
2.2969999313354	0.93785566091537	-0.34695526957512	50	0
2.2980000972748	0.93780118227005	-0.34710237383842	50	0
2.2990000247955	0.93774700164795	-0.34724858403206	50	0
2.2999999523163	0.93769246339798	-0.34739565849304	50	0
2.3010001182556	0.93763810396194	-0.34754183888435	50	0
2.3020000457764	0.93758368492126	-0.3476884663105	50	0
2.3029999732971	0.93752926588058	-0.34783506393433	50	0
2.3039999008179	0.93747466802597	-0.34798163175583	50	0
2.3050000667572	0.93742024898529	-0.34812825918198	50	0
2.305999994278	0.93736565113068	-0.34827482700348	50	0
2.3069999217987	0.93731117248535	-0.34842139482498	50	0
2.308000087738	0.93725675344467	-0.34856751561165	50	0
2.3090000152588	0.93720191717148	-0.34871453046799	50	0
2.3099999427795	0.93714731931686	-0.34886106848717	50	0
2.3110001087189	0.9370926618576	-0.34900751709938	50	0
2.3120000362396	0.93703800439835	-0.34915399551392	50	0
2.3129999637604	0.93698328733444	-0.34930056333542	50	0
2.3139998912811	0.93692851066589	-0.34944707155228	50	0
2.3150000572205	0.93687373399734	-0.34959363937378	50	0
2.3159999847412	0.93681901693344	-0.34974014759064	50	0
2.316999912262	0.93676418066025	-0.3498866558075	50	0
2.3180000782013	0.93670934438705	-0.35003313422203	50	0
2.319000005722	0.93665456771851	-0.35017967224121	50	0
2.3199999332428	0.93659967184067	-0.35032615065575	50	0
2.3210000991821	0.93654471635818	-0.35047262907028	50	0
2.3220000267029	0.93648982048035	-0.35061916708946	50	0
2.3229999542236	0.93643486499786	-0.350765645504	50	0
2.3239998817444	0.93637990951538	-0.35091212391853	50	0
2.3250000476837	0.93632489442825	-0.35105863213539	50	0
2.3259999752045	0.93626987934113	-0.35120511054993	50	0
2.3269999027252	0.93621480464935	-0.35135155916214	50	0
2.3280000686646	0.93615972995758	-0.351498067379	50	0
2.3289999961853	0.93610459566116	-0.35164451599121	50	0
2.3299999237061	0.93604952096939	-0.35179096460342	50	0
2.3310000896454	0.93599432706833	-0.35193744301796	50	0
2.3320000171661	0.93593913316727	-0.35208386182785	50	0
2.3329999446869	0.93588399887085	-0.35223034024239	50	0
2.3340001106262	0.93582880496979	-0.3523767888546	50	0
2.335000038147	0.93577349185944	-0.35252323746681	50	0
2.3359999656677	0.93571823835373	-0.35266968607903	50	0
2.3369998931885	0.93566292524338	-0.35281607508659	50	0
2.3380000591278	0.93560761213303	-0.35296255350113	50	0
2.3389999866486	0.93555217981339	-0.35310897231102	50	0
2.3399999141693	0.93549686670303	-0.35325539112091	50	0
2.3410000801086	0.93544149398804	-0.3534018099308	50	0
2.3420000076294	0.9353860616684	-0.35354822874069	50	0
2.3429999351501	0.93533056974411	-0.35369461774826	50	0
2.3440001010895	0.93527507781982	-0.35384100675583	50	0
2.3450000286102	0.93521958589554	-0.35398745536804	50	0
2.345999956131	0.93516409397125	-0.35413381457329	50	0
2.3469998836517	0.93510854244232	-0.35428020358086	50	0
2.3480000495911	0.93505293130875	-0.35442662239075	50	0
2.3489999771118	0.93499732017517	-0.35457298159599	50	0
2.3499999046326	0.9349417090416	-0.35471937060356	50	0
2.3510000705719	0.93488603830338	-0.35486575961113	50	0
2.3519999980927	0.9348304271698	-0.3550121486187	50	0
2.3529999256134	0.93477475643158	-0.35515850782394	50	0
2.3540000915527	0.93471896648407	-0.35530486702919	50	0
2.3550000190735	0.9346632361412	-0.35545122623444	50	0
2.3559999465942	0.9346074461937	-0.355597615242	50	0
2.3570001125336	0.93455159664154	-0.35574394464493	50	0
2.3580000400543	0.93449586629868	-0.35589030385017	50	0
2.3589999675751	0.93443995714188	-0.35603666305542	50	0
2.3599998950958	0.93438404798508	-0.35618299245834	50	0
2.3610000610352	0.93432813882828	-0.35632935166359	50	0
2.3619999885559	0.93427217006683	-0.35647568106651	50	0
2.3629999160767	0.93421626091003	-0.35662198066711	50	0
2.364000082016	0.93416035175323	-0.35676833987236	50	0
2.3650000095367	0.93410432338715	-0.35691463947296	50	0
2.3659999370575	0.93404829502106	-0.35706096887589	50	0
2.3670001029968	0.93399226665497	-0.35720729827881	50	0
2.3680000305176	0.93393611907959	-0.35735359787941	50	0
2.3689999580383	0.93387991189957	-0.35749992728233	50	0
2.3699998855591	0.93382388353348	-0.35764616727829	50	0
2.3710000514984	0.93376785516739	-0.35779249668121	50	0
2.3719999790192	0.93371158838272	-0.35793882608414	50	0
2.3729999065399	0.93365532159805	-0.35808509588242	50	0
2.3740000724792	0.93359905481339	-0.35823139548302	50	0
2.375	0.93354284763336	-0.35837769508362	50	0
2.3759999275208	0.93348658084869	-0.3585239648819	50	0
2.3770000934601	0.93343025445938	-0.3586702644825	50	0
2.3780000209808	0.93337398767471	-0.35881653428078	50	0
2.3789999485016	0.93331760168076	-0.35896277427673	50	0
2.3800001144409	0.93326115608215	-0.35910907387733	50	0
2.3810000419617	0.9332047700882	-0.35925531387329	50	0
2.3819999694824	0.93314838409424	-0.35940155386925	50	0
2.3829998970032	0.93309181928635	-0.35954782366753	50	0
2.3840000629425	0.93303543329239	-0.35969406366348	50	0
2.3849999904633	0.93297892808914	-0.35984033346176	50	0
2.385999917984	0.93292230367661	-0.35998657345772	50	0
2.3870000839233	0.93286579847336	-0.36013278365135	50	0
2.3880000114441	0.93280923366547	-0.36027902364731	50	0
2.3889999389648	0.93275254964828	-0.36042529344559	50	0
2.3900001049042	0.93269592523575	-0.36057150363922	50	0
2.3910000324249	0.93263930082321	-0.36071774363518	50	0
2.3919999599457	0.93258255720139	-0.36086392402649	50	0
2.3929998874664	0.93252581357956	-0.36101016402245	50	0
2.3940000534058	0.93246906995773	-0.3611564040184	50	0
2.3949999809265	0.93241232633591	-0.36130255460739	50	0
2.3959999084473	0.93235552310944	-0.36144879460335	50	0
2.3970000743866	0.93229877948761	-0.36159497499466	50	0
2.3980000019073	0.93224191665649	-0.36174118518829	50	0
2.3989999294281	0.93218499422073	-0.36188739538193	50	0
2.4000000953674	0.93212819099426	-0.36203357577324	50	0
2.4010000228882	0.93207114934921	-0.36217978596687	50	0
2.4019999504089	0.93201422691345	-0.36232596635818	50	0
2.4030001163483	0.93195730447769	-0.36247211694717	50	0
2.404000043869	0.93190032243729	-0.36261832714081	50	0
2.4049999713898	0.93184322118759	-0.36276450753212	50	0
2.4059998989105	0.93178623914719	-0.36291062831879	50	0
2.4070000648499	0.93172907829285	-0.3630568087101	50	0
2.4079999923706	0.9316720366478	-0.36320295929909	50	0
2.4089999198914	0.9316149353981	-0.3633491396904	50	0
2.4100000858307	0.93155777454376	-0.36349529027939	50	0
2.4110000133514	0.93150055408478	-0.36364144086838	50	0
2.4119999408722	0.93144339323044	-0.36378762125969	50	0
2.4130001068115	0.93138611316681	-0.36393374204636	50	0
2.4140000343323	0.93132883310318	-0.36407986283302	50	0
2.414999961853	0.9312716126442	-0.36422601342201	50	0
2.4159998893738	0.93121427297592	-0.36437219381332	50	0
2.4170000553131	0.93115693330765	-0.36451825499535	50	0
2.4179999828339	0.93109953403473	-0.36466440558434	50	0
2.4189999103546	0.93104219436646	-0.364810526371	50	0
2.4200000762939	0.93098479509354	-0.36495664715767	50	0
2.4210000038147	0.93092733621597	-0.36510276794434	50	0
2.4219999313354	0.93086981773376	-0.36524885892868	50	0
2.4230000972748	0.9308123588562	-0.36539500951767	50	0
2.4240000247955	0.93075489997864	-0.36554110050201	50	0
2.4249999523163	0.93069732189178	-0.36568719148636	50	0
2.4260001182556	0.93063974380493	-0.36583325266838	50	0
2.4270000457764	0.93058216571808	-0.36597934365273	50	0
2.4279999732971	0.93052452802658	-0.36612543463707	50	0
2.4289999008179	0.93046700954437	-0.36627152562141	50	0
2.4300000667572	0.93040931224823	-0.3664176762104	50	0
2.430999994278	0.9303514957428	-0.3665637075901	50	0
2.4319999217987	0.9302938580513	-0.36670982837677	50	0
2.433000087738	0.93023598194122	-0.36685585975647	50	0
2.4340000152588	0.93017834424973	-0.36700195074081	50	0
2.4349999427795	0.93012052774429	-0.36714801192284	50	0
2.4360001087189	0.93006265163422	-0.36729407310486	50	0
2.4370000362396	0.93000483512878	-0.3674401640892	50	0
2.4379999637604	0.92994695901871	-0.3675861954689	50	0
2.4389998912811	0.92988908290863	-0.36773225665092	50	0
2.4400000572205	0.92983108758926	-0.3678782582283	50	0
2.4409999847412	0.9297730922699	-0.36802431941032	50	0
2.441999912262	0.92971515655518	-0.36817035079002	50	0
2.4430000782013	0.92965716123581	-0.36831638216972	50	0
2.444000005722	0.92959916591644	-0.36846244335175	50	0
2.4449999332428	0.92954105138779	-0.36860844492912	50	0
2.4460000991821	0.92948299646378	-0.36875447630882	50	0
2.4470000267029	0.92942482233047	-0.36890053749084	50	0
2.4479999542236	0.92936670780182	-0.3690465092659	50	0
2.4489998817444	0.92930859327316	-0.36919257044792	50	0
2.4500000476837	0.92925029993057	-0.36933854222298	50	0
2.4509999752045	0.92919206619263	-0.36948457360268	50	0
2.4519999027252	0.92913395166397	-0.36963060498238	50	0
2.4530000686646	0.92907559871674	-0.36977660655975	50	0
2.4539999961853	0.92901736497879	-0.36992257833481	50	0
2.4549999237061	0.92895901203156	-0.37006857991219	50	0
2.4560000896454	0.92890065908432	-0.37021458148956	50	0
2.4570000171661	0.92884224653244	-0.37036061286926	50	0
2.4579999446869	0.92878389358521	-0.37050652503967	50	0
2.4590001106262	0.92872542142868	-0.37065255641937	50	0
2.460000038147	0.92866688966751	-0.37079855799675	50	0
2.4609999656677	0.92860853672028	-0.3709445297718	50	0
2.4619998931885	0.92855006456375	-0.37109047174454	50	0
2.4630000591278	0.92849147319794	-0.37123644351959	50	0
2.4639999866486	0.92843288183212	-0.37138241529465	50	0
2.4649999141693	0.92837435007095	-0.3715283870697	50	0
2.4660000801086	0.92831563949585	-0.37167435884476	50	0
2.4670000076294	0.92825704813004	-0.37182027101517	50	0
2.4679999351501	0.92819833755493	-0.37196627259254	50	0
2.4690001010895	0.92813968658447	-0.37211221456528	50	0
2.4700000286102	0.92808091640472	-0.37225815653801	50	0
2.470999956131	0.92802220582962	-0.37240409851074	50	0
2.4719998836517	0.92796343564987	-0.37255004048347	50	0
2.4730000495911	0.92790466547012	-0.37269598245621	50	0
2.4739999771118	0.92784583568573	-0.37284189462662	50	0
2.4749999046326	0.92778694629669	-0.37298783659935	50	0
2.4760000705719	0.9277281165123	-0.37313374876976	50	0
2.4769999980927	0.92766922712326	-0.37327969074249	50	0
2.4779999256134	0.92761033773422	-0.3734256029129	50	0
2.4790000915527	0.92755138874054	-0.37357151508331	50	0
2.4800000190735	0.92749238014221	-0.37371745705605	50	0
2.4809999465942	0.92743337154388	-0.37386333942413	50	0
2.4820001125336	0.92737430334091	-0.37400928139687	50	0
2.4830000400543	0.92731523513794	-0.37415516376495	50	0
2.4839999675751	0.92725610733032	-0.37430107593536	50	0
2.4849998950958	0.92719703912735	-0.37444695830345	50	0
2.4860000610352	0.92713785171509	-0.37459290027618	50	0
2.4869999885559	0.92707872390747	-0.37473875284195	50	0
2.4879999160767	0.92701959609985	-0.37488466501236	50	0
2.489000082016	0.9269602894783	-0.37503054738045	50	0
2.4900000095367	0.9269010424614	-0.37517639994621	50	0
2.4909999370575	0.92684179544449	-0.37532231211662	50	0
2.4920001029968	0.92678242921829	-0.37546816468239	50	0
2.4930000305176	0.92672312259674	-0.3756140768528	50	0
2.4939999580383	0.92666387557983	-0.37575995922089	50	0
2.4949998855591	0.92660439014435	-0.37590578198433	50	0
2.4960000514984	0.92654496431351	-0.37605166435242	50	0
2.4969999790192	0.92648553848267	-0.37619748711586	50	0
2.4979999065399	0.92642611265182	-0.37634339928627	50	0
2.4990000724792	0.92636656761169	-0.37648925185204	50	0
2.5	0.92630708217621	-0.3766351044178	50	0
2.5009999275208	0.92624753713608	-0.37678092718124	50	0
2.5020000934601	0.92618799209595	-0.37692677974701	50	0
2.5030000209808	0.92612832784653	-0.37707263231277	50	0
2.5039999485016	0.9260687828064	-0.37721851468086	50	0
2.5050001144409	0.92600911855698	-0.37736430764198	50	0
2.5060000419617	0.92594945430756	-0.37751019001007	50	0
2.5069999694824	0.92588973045349	-0.37765601277351	50	0
2.5079998970032	0.92583000659943	-0.37780180573463	50	0
2.5090000629425	0.92577022314072	-0.37794768810272	50	0
2.5099999904633	0.92571049928665	-0.37809345126152	50	0
2.510999917984	0.92565071582794	-0.37823927402496	50	0
2.5120000839233	0.92559081315994	-0.37838512659073	50	0
2.5130000114441	0.92553097009659	-0.37853091955185	50	0
2.5139999389648	0.92547106742859	-0.37867677211761	50	0
2.5150001049042	0.92541110515594	-0.37882259488106	50	0
2.5160000324249	0.92535120248795	-0.37896838784218	50	0
2.5169999599457	0.9252912402153	-0.3791141808033	50	0
2.5179998874664	0.92523121833801	-0.37925997376442	50	0
2.5190000534058	0.92517119646072	-0.37940579652786	50	0
2.5199999809265	0.92511117458344	-0.37955158948898	50	0
2.5209999084473	0.92505103349686	-0.3796973824501	50	0
2.5220000743866	0.92499101161957	-0.37984311580658	50	0
2.5230000019073	0.92493087053299	-0.37998896837234	50	0
2.5239999294281	0.92487066984177	-0.38013476133347	50	0
2.5250000953674	0.92481052875519	-0.38028055429459	50	0
2.5260000228882	0.92475032806396	-0.38042631745338	50	0
2.5269999504089	0.92469000816345	-0.38057214021683	50	0
2.5280001163483	0.92462980747223	-0.3807178735733	50	0
2.529000043869	0.92456948757172	-0.38086366653442	50	0
2.5299999713898	0.92450910806656	-0.38100942969322	50	0
2.5309998989105	0.92444878816605	-0.38115519285202	50	0
2.5320000648499	0.92438834905624	-0.3813009262085	50	0
2.5329999923706	0.92432802915573	-0.38144671916962	50	0
2.5339999198914	0.92426759004593	-0.38159251213074	50	0
2.5350000858307	0.92420709133148	-0.38173821568489	50	0
2.5360000133514	0.92414665222168	-0.38188400864601	50	0
2.5369999408722	0.92408615350723	-0.38202977180481	50	0
2.5380001068115	0.92402559518814	-0.38217544555664	50	0
2.5390000343323	0.9239649772644	-0.38232123851776	50	0
2.539999961853	0.92390441894531	-0.38246700167656	50	0
2.5409998893738	0.92384386062622	-0.38261273503304	50	0
2.5420000553131	0.92378312349319	-0.38275846838951	50	0
2.5429999828339	0.92372244596481	-0.38290423154831	50	0
2.5439999103546	0.92366176843643	-0.38304999470711	50	0
2.5450000762939	0.92360097169876	-0.38319566845894	50	0
2.5460000038147	0.92354035377502	-0.38334143161774	50	0
2.5469999313354	0.92347949743271	-0.38348719477654	50	0
2.5480000972748	0.92341864109039	-0.38363289833069	50	0
2.5490000247955	0.92335784435272	-0.38377863168716	50	0
2.5499999523163	0.92329686880112	-0.38392433524132	50	0
2.5510001182556	0.92323613166809	-0.38407003879547	50	0
2.5520000457764	0.92317515611649	-0.38421574234962	50	0
2.5529999732971	0.92311418056488	-0.38436150550842	50	0
2.5539999008179	0.92305314540863	-0.38450720906258	50	0
2.5550000667572	0.92299216985703	-0.38465294241905	50	0
2.555999994278	0.92293113470078	-0.38479861617088	50	0
2.5569999217987	0.92287003993988	-0.38494431972504	50	0
2.558000087738	0.92280906438828	-0.38509005308151	50	0
2.5590000152588	0.92274791002274	-0.38523575663567	50	0
2.5599999427795	0.92268669605255	-0.38538146018982	50	0
2.5610001087189	0.92262560129166	-0.38552716374397	50	0
2.5620000362396	0.92256432771683	-0.38567286729813	50	0
2.5629999637604	0.92250311374664	-0.38581857085228	50	0
2.5639998912811	0.92244189977646	-0.38596424460411	50	0
2.5650000572205	0.92238062620163	-0.38610994815826	50	0
2.5659999847412	0.92231929302216	-0.3862556219101	50	0
2.566999912262	0.92225795984268	-0.38640132546425	50	0
2.5680000782013	0.92219656705856	-0.3865470290184	50	0
2.569000005722	0.9221351146698	-0.38669270277023	50	0
2.5699999332428	0.92207372188568	-0.38683834671974	50	0
2.5710000991821	0.92201232910156	-0.38698408007622	50	0
2.5720000267029	0.92195093631744	-0.38712975382805	50	0
2.5729999542236	0.92188936471939	-0.38727542757988	50	0
2.5739998817444	0.92182785272598	-0.387421220541	50	0
2.5750000476837	0.92176640033722	-0.38756662607193	50	0
2.5759999752045	0.92170476913452	-0.38771241903305	50	0
2.5769999027252	0.92164325714111	-0.38785776495934	50	0
2.5780000686646	0.92158156633377	-0.38800352811813	50	0
2.5789999961853	0.92151981592178	-0.38814929127693	50	0
2.5799999237061	0.9214580655098	-0.38829508423805	50	0
2.5810000896454	0.92139655351639	-0.38844040036201	50	0
2.5820000171661	0.92133456468582	-0.38858658075333	50	0
2.5829999446869	0.92127281427383	-0.38873228430748	50	0
2.5840001106262	0.92121082544327	-0.38887798786163	50	0
2.585000038147	0.92114901542664	-0.38902372121811	50	0
2.5859999656677	0.92108732461929	-0.38916900753975	50	0
2.5869998931885	0.92102545499802	-0.3893147110939	50	0
2.5880000591278	0.92096346616745	-0.38946035504341	50	0
2.5889999866486	0.92090135812759	-0.38960644602776	50	0
2.5899999141693	0.92083948850632	-0.38975167274475	50	0
2.5910000801086	0.9207775592804	-0.38989734649658	50	0
2.5920000076294	0.92071539163589	-0.39004302024841	50	0
2.5929999351501	0.92065334320068	-0.39018869400024	50	0
2.5940001010895	0.92059123516083	-0.39033427834511	50	0
2.5950000286102	0.92052912712097	-0.39047995209694	50	0
2.595999956131	0.92046695947647	-0.39062562584877	50	0
2.5969998836517	0.92040479183197	-0.39077123999596	50	0
2.5980000495911	0.92034262418747	-0.39091685414314	50	0
2.5989999771118	0.92028033733368	-0.3910625576973	50	0
2.5999999046326	0.92021805047989	-0.3912082016468	50	0
2.6010000705719	0.92015570402145	-0.39135381579399	50	0
2.6019999980927	0.92009347677231	-0.3914994597435	50	0
2.6029999256134	0.92003107070923	-0.39164507389069	50	0
2.6040000915527	0.91996872425079	-0.39179071784019	50	0
2.6050000190735	0.91990625858307	-0.3919363617897	50	0
2.6059999465942	0.91984391212463	-0.39208200573921	50	0
2.6070001125336	0.91978132724762	-0.3922276198864	50	0
2.6080000400543	0.91971892118454	-0.39237323403358	50	0
2.6089999675751	0.91965633630753	-0.39251887798309	50	0
2.6099998950958	0.91959381103516	-0.39266449213028	50	0
2.6110000610352	0.91953128576279	-0.39281013607979	50	0
2.6119999885559	0.91946858167648	-0.3929557800293	50	0
2.6129999160767	0.91940593719482	-0.39310139417648	50	0
2.614000082016	0.91934329271317	-0.39324706792831	50	0
2.6150000095367	0.91928058862686	-0.3933926820755	50	0
2.6159999370575	0.91921788454056	-0.39353829622269	50	0
2.6170001029968	0.91915512084961	-0.39368391036987	50	0
2.6180000305176	0.91909229755402	-0.39382949471474	50	0
2.6189999580383	0.91902947425842	-0.39397516846657	50	0
2.6199998855591	0.91896671056747	-0.39412075281143	50	0
2.6210000514984	0.91890376806259	-0.39426642656326	50	0
2.6219999790192	0.91884088516235	-0.39441201090813	50	0
2.6229999065399	0.91877794265747	-0.39455765485764	50	0
2.6240000724792	0.91871500015259	-0.39470326900482	50	0
2.625	0.91865199804306	-0.39484885334969	50	0
2.6259999275208	0.91858893632889	-0.39499449729919	50	0
2.6270000934601	0.91852593421936	-0.39514011144638	50	0
2.6280000209808	0.91846287250519	-0.39528575539589	50	0
2.6289999485016	0.91839969158173	-0.39543136954308	50	0
2.6300001144409	0.91833657026291	-0.39557698369026	50	0
2.6310000419617	0.91827344894409	-0.39572259783745	50	0
2.6319999694824	0.91821014881134	-0.39586818218231	50	0
2.6329998970032	0.91814702749252	-0.39601385593414	50	0
2.6340000629425	0.91808372735977	-0.39615944027901	50	0
2.6349999904633	0.91802042722702	-0.39630505442619	50	0
2.635999917984	0.91795706748962	-0.39645066857338	50	0
2.6370000839233	0.91789376735687	-0.39659628272057	50	0
2.6380000114441	0.91783040761948	-0.39674189686775	50	0
2.6389999389648	0.91776698827744	-0.39688754081726	50	0
2.6400001049042	0.91770356893539	-0.39703312516212	50	0
2.6410000324249	0.91764008998871	-0.39717876911163	50	0
2.6419999599457	0.91757661104202	-0.39732438325882	50	0
2.6429998874664	0.91751307249069	-0.39746999740601	50	0
2.6440000534058	0.91744953393936	-0.39761561155319	50	0
2.6449999809265	0.91738599538803	-0.39776122570038	50	0
2.6459999084473	0.91732233762741	-0.39790681004524	50	0
2.6470000743866	0.91725862026215	-0.39805248379707	50	0
2.6480000019073	0.91719496250153	-0.39819806814194	50	0
2.6489999294281	0.91713136434555	-0.39834368228912	50	0
2.6500000953674	0.91706746816635	-0.39848932623863	50	0
2.6510000228882	0.91700381040573	-0.39863494038582	50	0
2.6519999504089	0.91693997383118	-0.398780554533	50	0
2.6530001163483	0.91687619686127	-0.39892616868019	50	0
2.654000043869	0.91681224107742	-0.39907175302505	50	0
2.6549999713898	0.91674846410751	-0.39921736717224	50	0
2.6559998989105	0.91668450832367	-0.39936301112175	50	0
2.6570000648499	0.91662049293518	-0.39950865507126	50	0
2.6579999923706	0.91655653715134	-0.39965423941612	50	0
2.6589999198914	0.91649252176285	-0.39979988336563	50	0
2.6600000858307	0.91642844676971	-0.39994549751282	50	0
2.6610000133514	0.91636437177658	-0.40009114146233	50	0
2.6619999408722	0.91630029678345	-0.40023678541183	50	0
2.6630001068115	0.91623622179031	-0.4003823697567	50	0
2.6640000343323	0.91617202758789	-0.40052798390388	50	0
2.664999961853	0.91610783338547	-0.40067362785339	50	0
2.6659998893738	0.9160435795784	-0.40081924200058	50	0
2.6670000553131	0.91597926616669	-0.40096488595009	50	0
2.6679999828339	0.91591501235962	-0.40111044049263	50	0
2.6689999103546	0.91585069894791	-0.40125611424446	50	0
2.6700000762939	0.91578638553619	-0.40140172839165	50	0
2.6710000038147	0.91572195291519	-0.4015474319458	50	0
2.6719999313354	0.91565752029419	-0.40169301629066	50	0
2.6730000972748	0.91559308767319	-0.40183863043785	50	0
2.6740000247955	0.91552859544754	-0.40198424458504	50	0
2.6749999523163	0.91546416282654	-0.40212988853455	50	0
2.6760001182556	0.9153995513916	-0.40227553248405	50	0
2.6770000457764	0.91533493995667	-0.40242117643356	50	0
2.6779999732971	0.91527032852173	-0.40256682038307	50	0
2.6789999008179	0.91520571708679	-0.40271243453026	50	0
2.6800000667572	0.91514098644257	-0.40285804867744	50	0
2.680999994278	0.91507643461227	-0.40300369262695	50	0
2.6819999217987	0.9150116443634	-0.40314933657646	50	0
2.683000087738	0.91494685411453	-0.40329495072365	50	0
2.6840000152588	0.91488206386566	-0.40344062447548	50	0
2.6849999427795	0.91481721401215	-0.40358629822731	50	0
2.6860001087189	0.91475230455399	-0.40373188257217	50	0
2.6870000362396	0.91468745470047	-0.40387755632401	50	0
2.6879999637604	0.91462254524231	-0.40402317047119	50	0
2.6889998912811	0.91455763578415	-0.40416887402534	50	0
2.6900000572205	0.9144926071167	-0.40431448817253	50	0
2.6909999847412	0.91442757844925	-0.40446013212204	50	0
2.691999912262	0.91436249017715	-0.40460577607155	50	0
2.6930000782013	0.91429740190506	-0.40475144982338	50	0
2.694000005722	0.91423231363297	-0.40489709377289	50	0
2.6949999332428	0.91416710615158	-0.40504276752472	50	0
2.6960000991821	0.91410201787949	-0.40518841147423	50	0
2.6970000267029	0.9140368103981	-0.40533408522606	50	0
2.6979999542236	0.91397148370743	-0.40547972917557	50	0
2.6989998817444	0.9139062166214	-0.40562537312508	50	0
2.7000000476837	0.91384094953537	-0.40577107667923	50	0
2.7009999752045	0.9137756228447	-0.40591669082642	50	0
2.7019999027252	0.91371023654938	-0.40606239438057	50	0
2.7030000686646	0.91364473104477	-0.4062080681324	50	0
2.7039999961853	0.91357934474945	-0.40635371208191	50	0
2.7049999237061	0.91351383924484	-0.40649941563606	50	0
2.7060000896454	0.91344833374023	-0.40664502978325	50	0
2.7070000171661	0.91338276863098	-0.4067907333374	50	0
2.7079999446869	0.91331714391708	-0.40693637728691	50	0
2.7090001106262	0.91325157880783	-0.40708208084106	50	0
2.710000038147	0.91318589448929	-0.40722778439522	50	0
2.7109999656677	0.91312021017075	-0.40737345814705	50	0
2.7119998931885	0.9130545258522	-0.40751913189888	50	0
2.7130000591278	0.91298872232437	-0.40766480565071	50	0
2.7139999866486	0.91292285919189	-0.40781047940254	50	0
2.7149999141693	0.91285711526871	-0.40795621275902	50	0
2.7160000801086	0.91279131174088	-0.40810188651085	50	0
2.7170000076294	0.9127254486084	-0.408247590065	50	0
2.7179999351501	0.91265946626663	-0.40839326381683	50	0
2.7190001010895	0.91259354352951	-0.40853896737099	50	0
2.7200000286102	0.91252756118774	-0.40868470072746	50	0
2.720999956131	0.91246151924133	-0.40883037447929	50	0
2.7219998836517	0.91239541769028	-0.40897610783577	50	0
2.7230000495911	0.91232937574387	-0.40912181138992	50	0
2.7239999771118	0.91226321458817	-0.40926751494408	50	0
2.7249999046326	0.91219711303711	-0.40941321849823	50	0
2.7260000705719	0.91213089227676	-0.40955895185471	50	0
2.7269999980927	0.91206461191177	-0.40970465540886	50	0
2.7279999256134	0.91199839115143	-0.40985035896301	50	0
2.7290000915527	0.91193211078644	-0.40999609231949	50	0
2.7300000190735	0.91186571121216	-0.41014179587364	50	0
2.7309999465942	0.91179937124252	-0.41028752923012	50	0
2.7320001125336	0.91173303127289	-0.41043326258659	50	0
2.7330000400543	0.91166651248932	-0.41057899594307	50	0
2.7339999675751	0.91160005331039	-0.41072472929955	50	0
2.7349998950958	0.91153347492218	-0.4108704328537	50	0
2.7360000610352	0.91146701574326	-0.4110161960125	50	0
2.7369999885559	0.9114003777504	-0.4111619591713	50	0
2.7379999160767	0.91133373975754	-0.41130766272545	50	0
2.739000082016	0.91126710176468	-0.41145342588425	50	0
2.7400000095367	0.91120046377182	-0.41159915924072	50	0
2.7409999370575	0.91113370656967	-0.41174492239952	50	0
2.7420001029968	0.91106700897217	-0.41189071536064	50	0
2.7430000305176	0.91100013256073	-0.41203647851944	50	0
2.7439999580383	0.91093331575394	-0.41218218207359	50	0
2.7449998855591	0.9108664393425	-0.41232797503471	50	0
2.7460000514984	0.91079956293106	-0.41247373819351	50	0
2.7469999790192	0.91073268651962	-0.41261953115463	50	0
2.7479999065399	0.91066563129425	-0.41276529431343	50	0
2.7490000724792	0.91059857606888	-0.41291105747223	50	0
2.75	0.91053152084351	-0.41305685043335	50	0
2.7509999275208	0.91046446561813	-0.41320261359215	50	0
2.7520000934601	0.91039746999741	-0.41334840655327	50	0
2.7530000209808	0.9103302359581	-0.41349416971207	50	0
2.7539999485016	0.91026300191879	-0.41363996267319	50	0
2.7550001144409	0.91019576787949	-0.41378578543663	50	0
2.7560000419617	0.91012859344482	-0.41393157839775	50	0
2.7569999694824	0.91006124019623	-0.41407734155655	50	0
2.7579998970032	0.90999388694763	-0.41422316431999	50	0
2.7590000629425	0.90992653369904	-0.41436898708344	50	0
2.7599999904633	0.90985906124115	-0.41451478004456	50	0
2.760999917984	0.90979164838791	-0.41466057300568	50	0
2.7620000839233	0.90972417593002	-0.41480642557144	50	0
2.7630000114441	0.90965664386749	-0.41495224833488	50	0
2.7639999389648	0.90958899259567	-0.41509807109833	50	0
2.7650001049042	0.90952146053314	-0.41524389386177	50	0
2.7660000324249	0.90945380926132	-0.41538968682289	50	0
2.7669999599457	0.90938609838486	-0.41553550958633	50	0
2.7679998874664	0.90931844711304	-0.4156813621521	50	0
2.7690000534058	0.90925073623657	-0.41582721471786	50	0
2.7699999809265	0.90918290615082	-0.41597303748131	50	0
2.7709999084473	0.90911507606506	-0.41611894965172	50	0
2.7720000743866	0.90904718637466	-0.41626477241516	50	0
2.7730000019073	0.90897923707962	-0.41641062498093	50	0
2.7739999294281	0.90891128778458	-0.41655647754669	50	0
2.7750000953674	0.90884333848953	-0.41670233011246	50	0
2.7760000228882	0.90877538919449	-0.41684824228287	50	0
2.7769999504089	0.90870726108551	-0.41699412465096	50	0
2.7780001163483	0.90863913297653	-0.41713997721672	50	0
2.779000043869	0.9085710644722	-0.41728582978249	50	0
2.7799999713898	0.90850293636322	-0.4174317419529	50	0
2.7809998989105	0.90843468904495	-0.41757762432098	50	0
2.7820000648499	0.90836638212204	-0.41772350668907	50	0
2.7829999923706	0.90829819440842	-0.41786935925484	50	0
2.7839999198914	0.90822982788086	-0.41801530122757	50	0
2.7850000858307	0.9081614613533	-0.41816121339798	50	0
2.7860000133514	0.9080930352211	-0.41830709576607	50	0
2.7869999408722	0.90802454948425	-0.4184530377388	50	0
2.7880001068115	0.90795606374741	-0.41859894990921	50	0
2.7890000343323	0.90788751840591	-0.4187448322773	50	0
2.789999961853	0.90781903266907	-0.41889077425003	50	0
2.7909998893738	0.90775036811829	-0.41903671622276	50	0
2.7920000553131	0.90768182277679	-0.41918262839317	50	0
2.7929999828339	0.90761303901672	-0.41932857036591	50	0
2.7939999103546	0.9075443148613	-0.41947454214096	50	0
2.7950000762939	0.90747559070587	-0.41962045431137	50	0
2.7960000038147	0.90740674734116	-0.4197663962841	50	0
2.7969999313354	0.90733790397644	-0.41991233825684	50	0
2.7980000972748	0.90726906061172	-0.42005833983421	50	0
2.7990000247955	0.90720003843307	-0.42020431160927	50	0
2.7999999523163	0.90713113546371	-0.42035028338432	50	0
2.8010001182556	0.90706217288971	-0.42049625515938	50	0
2.8020000457764	0.90699303150177	-0.42064219713211	50	0
2.8029999732971	0.90692400932312	-0.42078819870949	50	0
2.8039999008179	0.90685480833054	-0.42093420028687	50	0
2.8050000667572	0.90678560733795	-0.42108020186424	50	0
2.805999994278	0.90671646595001	-0.42122620344162	50	0
2.8069999217987	0.90664726495743	-0.421372205019	50	0
2.808000087738	0.90657788515091	-0.42151817679405	50	0
2.8090000152588	0.90650856494904	-0.42166423797607	50	0
2.8099999427795	0.90643918514252	-0.42181026935577	50	0
2.8110001087189	0.90636968612671	-0.42195624113083	50	0
2.8120000362396	0.90630030632019	-0.42210233211517	50	0
2.8129999637604	0.90623080730438	-0.42224833369255	50	0
2.8139998912811	0.90616124868393	-0.42239436507225	50	0
2.8150000572205	0.90609169006348	-0.42254042625427	50	0
2.8159999847412	0.90602201223373	-0.42268648743629	50	0
2.816999912262	0.90595227479935	-0.42283257842064	50	0
2.8180000782013	0.9058825969696	-0.42297863960266	50	0
2.819000005722	0.90581274032593	-0.42312470078468	50	0
2.8199999332428	0.90574306249619	-0.42327076196671	50	0
2.8210000991821	0.90567320585251	-0.42341682314873	50	0
2.8220000267029	0.90560328960419	-0.42356294393539	50	0
2.8229999542236	0.90553337335587	-0.42370903491974	50	0
2.8239998817444	0.9054633975029	-0.42385515570641	50	0
2.8250000476837	0.90539336204529	-0.42400124669075	50	0
2.8259999752045	0.90532338619232	-0.42414739727974	50	0
2.8269999027252	0.90525329113007	-0.42429351806641	50	0
2.8280000686646	0.90518307685852	-0.42443957924843	50	0
2.8289999961853	0.90511292219162	-0.42458575963974	50	0
2.8299999237061	0.90504258871078	-0.42473185062408	50	0
2.8310000896454	0.90497237443924	-0.4248780310154	50	0
2.8320000171661	0.9049020409584	-0.42502418160439	50	0
2.8329999446869	0.90483164787292	-0.42517033219337	50	0
2.8340001106262	0.90476131439209	-0.42531648278236	50	0
2.835000038147	0.90469080209732	-0.42546266317368	50	0
2.8359999656677	0.90462023019791	-0.42560887336731	50	0
2.8369998931885	0.90454977750778	-0.42575505375862	50	0
2.8380000591278	0.90447914600372	-0.42590123414993	50	0
2.8389999866486	0.90440851449966	-0.42604744434357	50	0
2.8399999141693	0.90433776378632	-0.42619362473488	50	0
2.8410000801086	0.90426707267761	-0.42633989453316	50	0
2.8420000076294	0.90419632196426	-0.42648607492447	50	0
2.8429999351501	0.90412551164627	-0.42663231492043	50	0
2.8440001010895	0.90405464172363	-0.42677855491638	50	0
2.8450000286102	0.90398365259171	-0.42692479491234	50	0
2.845999956131	0.90391272306442	-0.42707103490829	50	0
2.8469998836517	0.9038417339325	-0.42721730470657	50	0
2.8480000495911	0.90377062559128	-0.42736357450485	50	0
2.8489999771118	0.90369957685471	-0.42750981450081	50	0
2.8499999046326	0.90362840890884	-0.42765614390373	50	0
2.8510000705719	0.90355724096298	-0.42780241370201	50	0
2.8519999980927	0.90348601341248	-0.42794868350029	50	0
2.8529999256134	0.90341472625732	-0.42809501290321	50	0
2.8540000915527	0.90334331989288	-0.42824161052704	50	0
2.8550000190735	0.90327209234238	-0.42838773131371	50	0
2.8559999465942	0.90320080518723	-0.42853379249573	50	0
2.8570001125336	0.90312916040421	-0.42868030071259	50	0
2.8580000400543	0.90305757522583	-0.42882677912712	50	0
2.8589999675751	0.90298599004745	-0.42897325754166	50	0
2.8599998950958	0.90291434526443	-0.42911970615387	50	0
2.8610000610352	0.9028428196907	-0.42926570773125	50	0
2.8619999885559	0.90277111530304	-0.42941209673882	50	0
2.8629999160767	0.90269935131073	-0.42955851554871	50	0
2.864000082016	0.90262752771378	-0.42970490455627	50	0
2.8650000095367	0.90255546569824	-0.42985165119171	50	0
2.8659999370575	0.90248358249664	-0.42999801039696	50	0
2.8670001029968	0.90241187810898	-0.43014389276505	50	0
2.8680000305176	0.9023397564888	-0.43029063940048	50	0
2.8689999580383	0.90226775407791	-0.43043690919876	50	0
2.8699998855591	0.90219551324844	-0.43058362603188	50	0
2.8710000514984	0.90212327241898	-0.43073028326035	50	0
2.8719999790192	0.9020511507988	-0.4308765232563	50	0
2.8729999065399	0.90197885036469	-0.43102306127548	50	0
2.8740000724792	0.90190643072128	-0.43116953969002	50	0
2.875	0.90183413028717	-0.43131604790688	50	0
2.8759999275208	0.90176171064377	-0.43146258592606	50	0
2.8770000934601	0.90168917179108	-0.43160906434059	50	0
2.8780000209808	0.90161663293839	-0.43175563216209	50	0
2.8789999485016	0.90154403448105	-0.4319021999836	50	0
2.8800001144409	0.90147149562836	-0.4320487678051	50	0
2.8810000419617	0.90139871835709	-0.4321953356266	50	0
2.8819999694824	0.9013260602951	-0.43234193325043	50	0
2.8829998970032	0.90125322341919	-0.43248853087425	50	0
2.8840000629425	0.90118038654327	-0.43263512849808	50	0
2.8849999904633	0.90110754966736	-0.43278178572655	50	0
2.885999917984	0.90103453397751	-0.43292841315269	50	0
2.8870000839233	0.9009615778923	-0.43307501077652	50	0
2.8880000114441	0.90088856220245	-0.43322166800499	50	0
2.8889999389648	0.90081536769867	-0.43336835503578	50	0
2.8900001049042	0.90074223279953	-0.43351501226425	50	0
2.8910000324249	0.90066903829575	-0.43366172909737	50	0
2.8919999599457	0.90059572458267	-0.43380841612816	50	0
2.8929998874664	0.9005224108696	-0.43395513296127	50	0
2.8940000534058	0.90044891834259	-0.43410181999207	50	0
2.8949999809265	0.90037554502487	-0.43424862623215	50	0
2.8959999084473	0.90030199289322	-0.43439534306526	50	0
2.8970000743866	0.90022838115692	-0.43454211950302	50	0
2.8980000019073	0.90015488862991	-0.43468889594078	50	0
2.8989999294281	0.90008127689362	-0.43483567237854	50	0
2.9000000953674	0.90000742673874	-0.43498250842094	50	0
2.9010000228882	0.89993363618851	-0.43512931466103	50	0
2.9019999504089	0.89985972642899	-0.43527615070343	50	0
2.9030001163483	0.89978593587875	-0.43542298674583	50	0
2.904000043869	0.89971196651459	-0.43556985259056	50	0
2.9049999713898	0.89963787794113	-0.43571668863297	50	0
2.9059998989105	0.89956372976303	-0.43586361408234	50	0
2.9070000648499	0.89948958158493	-0.43601050972939	50	0
2.9079999923706	0.89941549301147	-0.43615740537643	50	0
2.9089999198914	0.89934116601944	-0.43630430102348	50	0
2.9100000858307	0.89926677942276	-0.43645131587982	50	0
2.9110000133514	0.89919245243073	-0.43659827113152	50	0
2.9119999408722	0.89911806583405	-0.43674519658089	50	0
2.9130001068115	0.89904344081879	-0.4368921816349	50	0
2.9140000343323	0.89896893501282	-0.43703919649124	50	0
2.914999961853	0.89889419078827	-0.43718621134758	50	0
2.9159998893738	0.89881950616837	-0.43733322620392	50	0
2.9170000553131	0.89874476194382	-0.4374803006649	50	0
2.9179999828339	0.89867001771927	-0.43762737512589	50	0
2.9189999103546	0.89859503507614	-0.43777441978455	50	0
2.9200000762939	0.89852011203766	-0.43792149424553	50	0
2.9210000038147	0.89844512939453	-0.43806865811348	50	0
2.9219999313354	0.89836996793747	-0.43821576237679	50	0
2.9230000972748	0.89829474687576	-0.43836289644241	50	0
2.9240000247955	0.89821952581406	-0.43851006031036	50	0
2.9249999523163	0.89814430475235	-0.43865722417831	50	0
2.9260001182556	0.89806896448135	-0.43880441784859	50	0
2.9270000457764	0.89799350500107	-0.43895164132118	50	0
2.9279999732971	0.89791804552078	-0.4390988945961	50	0
2.9289999008179	0.89784240722656	-0.4392461180687	50	0
2.9300000667572	0.89776682853699	-0.43939334154129	50	0
2.930999994278	0.89769113063812	-0.43954062461853	50	0
2.9319999217987	0.89761531352997	-0.43968790769577	50	0
2.933000087738	0.89753949642181	-0.43983525037766	50	0
2.9340000152588	0.89746361970901	-0.4399825334549	50	0
2.9349999427795	0.89738756418228	-0.4401299059391	50	0
2.9360001087189	0.89731150865555	-0.44027724862099	50	0
2.9370000362396	0.89723533391953	-0.44042462110519	50	0
2.9379999637604	0.8971591591835	-0.44057202339172	50	0
2.9389998912811	0.89708286523819	-0.44071942567825	50	0
2.9400000572205	0.89700651168823	-0.44086682796478	50	0
2.9409999847412	0.89693021774292	-0.44101428985596	50	0
2.941999912262	0.89685368537903	-0.44116175174713	50	0
2.9430000782013	0.8967769742012	-0.44130927324295	50	0
2.944000005722	0.89670032262802	-0.44145676493645	50	0
2.9449999332428	0.8966236114502	-0.44160428643227	50	0
2.9460000991821	0.89654678106308	-0.44175180792809	50	0
2.9470000267029	0.89646989107132	-0.44189941883087	50	0
2.9479999542236	0.89639294147491	-0.44204697012901	50	0
2.9489998817444	0.89631599187851	-0.44219455122948	50	0
2.9500000476837	0.89623880386353	-0.44234216213226	50	0
