CST XY Data Exchange Format V2

Title    = Farfield Directivity Abs (Phi=0)
Xlabel   = Theta / Degree
Ylabel   = dBi

Curvelabel                             = ff_2p4 [1]
Filename                               = ^ff_2p4 [1].sig
Npoints                                = 361
Type                                   = 48
Subtype                                = 9
Result type                            = farfield:polar
View type                              = Polar
Data/Title                             = Farfield Directivity Abs (Phi=0)
X/Label                                = Theta
X/Unit                                 = deg
Y/Unit                                 = dBi
Y/Logfactor                            = 10
Plot/wrapHeuristics                    = 0
Farfield/Plot/AngularWidthOne|double   = -47.354173278329
Farfield/Plot/AngularWidthTwo|double   = 47.356082747926
Farfield/Plot/ComplexComponent|string  = Abs
Farfield/Plot/InfoText|string          = Frequency = 2.4 GHz\r\nMain lobe magnitude =     6.52 dBi\r\nMain lobe direction =    0.0 deg.\r\nAngular width (3 dB) =   94.7 deg.\r\n
Farfield/Plot/MainLobeDirection|double = 0
Farfield/Plot/Orientation|double       = -0
Farfield/Plot/Version|int              = 20101010
Farfield/Polar/LeftConst|string        = Phi=  0
Farfield/Polar/Quadrant1Left|double    = 0
Farfield/Polar/Quadrant1Right|double   = 90
Farfield/Polar/Quadrant2Left|double    = 90
Farfield/Polar/Quadrant2Right|double   = 180
Farfield/Polar/Quadrant3Left|double    = 180
Farfield/Polar/Quadrant3Right|double   = 90
Farfield/Polar/Quadrant4Left|double    = 90
Farfield/Polar/Quadrant4Right|double   = 0
Farfield/Polar/RightConst|string       = Phi=180

0	0	6.5194055090642
1	1	6.5179543852548
2	2	6.5135949956637
3	3	6.5063292376088
4	4	6.4961602691567
5	5	6.4830925096895
6	6	6.4671316395101
7	7	6.4482845993238
8	8	6.426559589593
9	9	6.401966069758
10	10	6.3745147573159
11	11	6.3442176267498
12	12	6.311087908296
13	13	6.2751400865401
14	14	6.2363898988262
15	15	6.1948543334645
16	16	6.1505516277213
17	17	6.1035012655717
18	18	6.0537239751933
19	19	6.0012417261785
20	20	5.9460777264394
21	21	5.8882564187761
22	22	5.8278034770784
23	23	5.7647458021257
24	24	5.6991115169491
25	25	5.6309299617132
26	26	5.5602316880755
27	27	5.4870484529744
28	28	5.4114132117939
29	29	5.3333601108499
30	30	5.2529244791369
31	31	5.1701428192713
32	32	5.0850527975607
33	33	4.9976932331262
34	34	4.9081040859978
35	35	4.8163264440989
36	36	4.7224025090293
37	37	4.6263755805546
38	38	4.5282900396992
39	39	4.42819133034
40	40	4.3261259391899
41	41	4.222141374056
42	42	4.1162861402537
43	43	4.0086097150521
44	44	3.8991625200243
45	45	3.7879958911692
46	46	3.675162046675
47	47	3.5607140521844
48	48	3.4447057834299
49	49	3.3271918860985
50	50	3.2082277327942
51	51	3.0878693769646
52	52	2.9661735036636
53	53	2.8431973770298
54	54	2.7189987843647
55	55	2.5936359767092
56	56	2.4671676058251
57	57	2.339652657507
58	58	2.2111503811636
59	59	2.0817202156315
60	60	1.9514217112049
61	61	1.8203144478922
62	62	1.6884579499399
63	63	1.5559115966965
64	64	1.4227345299238
65	65	1.2889855577049
66	66	1.1547230551368
67	67	1.0200048620417
68	68	0.88488817798029
69	69	0.74942945489807
70	70	0.6136842877887
71	71	0.47770730381359
72	72	0.34155205037024
73	73	0.20527088265911
74	74	0.068936339595617
75	75	-0.067446212475077
76	76	-0.20380587250167
77	77	-0.34009616648106
78	78	-0.47627235874781
79	79	-0.61229155283941
80	80	-0.74811278754037
81	81	-0.88369712716718
82	82	-1.0190077451268
83	83	-1.1540099997583
84	84	-1.2886715014512
85	85	-1.4229621700278
86	86	-1.556854281376
87	87	-1.6903225023319
88	88	-1.823343912826
89	89	-1.9558980143412
90	90	-2.0879676183996
91	91	-2.219535202564
92	92	-2.3505883699542
93	93	-2.481116088
94	94	-2.6111095523462
95	95	-2.74056209586
96	96	-2.8694690788163
97	97	-2.9978277598534
98	98	-3.1256371473859
99	99	-3.2528978312782
100	100	-3.3796117946912
101	101	-3.5057822061393
102	102	-3.6314131919215
103	103	-3.7565095892251
104	104	-3.8810766803432
105	105	-4.0051199085979
106	106	-4.1286445767231
107	107	-4.2516484825264
108	108	-4.3741493065198
109	109	-4.4961433106542
110	110	-4.6176318812396
111	111	-4.7386145291815
112	112	-4.8590885094945
113	113	-4.9790484342927
114	114	-5.0984858819008
115	115	-5.2173890050752
116	116	-5.3357421416997
117	117	-5.4535254317271
118	118	-5.5707144445732
119	119	-5.6872798216263
120	120	-5.8031869390198
121	121	-5.918395596302
122	122	-6.0328597371358
123	123	-6.1465272086375
124	124	-6.2593395664174
125	125	-6.3712319327817
126	126	-6.4821329158758
127	127	-6.5919645977634
128	128	-6.7006425995061
129	129	-6.808076231204
130	130	-6.9141687346365
131	131	-7.0188176255661
132	132	-7.1219151419025
133	133	-7.2233488027295
134	134	-7.323002081658
135	135	-7.4207551960535
136	136	-7.5164860114131
137	137	-7.6100710575327
138	138	-7.7013866501551
139	139	-7.7903101085849
140	140	-7.8767210563729
141	141	-7.9605027887247
142	142	-8.0415436869046
143	143	-8.1197386567345
144	144	-8.1949905654925
145	145	-8.2672116492579
146	146	-8.3363248611933
147	147	-8.4022651305321
148	148	-8.4649805022736
149	149	-8.5244331288363
150	150	-8.5806000872165
151	151	-8.6334739984995
152	152	-8.6830634307925
153	153	-8.7293930716392
154	154	-8.7725036615454
155	155	-8.8124516861641
156	156	-8.8493088306985
157	157	-8.8831612059342
158	158	-8.9141083607472
159	159	-8.942262100749
160	160	-8.9677451367302
161	161	-8.9906895896328
162	162	-9.0112353808456
163	163	-9.0295285376577
164	164	-9.0457194437723
165	165	-9.0599610639533
166	166	-9.0724071702827
167	167	-9.0832105952967
168	168	-9.0925215345994
169	169	-9.1004859186058
170	170	-9.1072438699858
171	171	-9.1129282603228
172	172	-9.117663376589
173	173	-9.1215637053634
174	174	-9.1247328403683
175	175	-9.1272625169098
176	176	-9.1292317752094
177	177	-9.1307062534055
178	178	-9.1317376101692
179	179	-9.1323630763852
180	180	-9.1326051174821
181	179	-9.1323798455335
182	178	-9.1317711045529
183	177	-9.1307563504629
184	176	-9.1292982916722
185	175	-9.1273452092298
186	174	-9.1248314053191
187	173	-9.1216777808433
188	172	-9.1177925426572
189	171	-9.1130720405049
190	170	-9.1074017328866
191	169	-9.1006572798683
192	168	-9.0927057592489
193	167	-9.0834070005054
194	166	-9.0726150285846
195	165	-9.0601796069331
196	164	-9.0459478662433
197	163	-9.0297660023304
198	162	-9.0114810234779
199	161	-8.9909425246372
200	160	-8.9680044631978
201	159	-8.9425269088364
202	158	-8.9143777383538
203	157	-8.8834342455868
204	156	-8.8495846365445
205	155	-8.8127293809666
206	154	-8.7727823935666
207	153	-8.7296720212929
208	152	-8.6833418169513
209	151	-8.633751084343
210	150	-8.580875185519
211	149	-8.5247056066022
212	148	-8.4652497846469
213	147	-8.402530703923
214	146	-8.336586275585
215	145	-8.2674685196774
216	144	-8.1952425726494
217	143	-8.1199855468524
218	142	-8.0417852707845
219	141	-7.9607389400987
220	140	-7.8769517096164
221	139	-7.7905352558655
222	138	-7.7016063381035
223	137	-7.6102853835228
224	136	-7.5166951195399
225	135	-7.420959272894
226	134	-7.323201351897
227	133	-7.2235435247246
228	132	-7.1221056032577
229	131	-7.0190041387717
230	130	-6.9143516328268
231	129	-6.8082558640756
232	128	-6.7008193294293
233	127	-6.5921387961135
234	126	-6.4823049596012
235	125	-6.3714022012215
236	124	-6.2595084383738
237	123	-6.1466950597037
238	122	-6.0330269372771
239	121	-5.9185625076822
240	120	-5.8033539140651
241	119	-5.687447201315
242	118	-5.5708825569391
243	117	-5.4536945905639
244	116	-5.335912645452
245	115	-5.2175611359045
246	114	-5.0986599049112
247	113	-4.9792245969053
248	112	-4.859267040958
249	111	-4.7387956402065
250	110	-4.6178157637483
251	109	-4.4963301376339
252	108	-4.3743392319717
253	107	-4.2518416415026
254	106	-4.1288411016066
255	105	-4.0053198805557
256	104	-3.8812801785796
257	103	-3.7567166748749
258	102	-3.6316239084248
259	101	-3.5059965796685
260	100	-3.3798298346253
261	99	-3.2531195307202
262	98	-3.1258624837199
263	97	-2.9980566953368
264	96	-2.8697015612045
265	95	-2.740798059059
266	94	-2.6113489170908
267	93	-2.4813587625526
268	92	-2.3508342508224
269	91	-2.2197841752322
270	90	-2.088219558072
271	89	-1.9561527870368
272	88	-1.8236013751009
273	87	-1.6905825030662
274	86	-1.5571166621848
275	85	-1.4232267660086
276	84	-1.2889381419239
277	83	-1.1542785089926
278	82	-1.0192779430558
279	81	-0.88396883008332
280	80	-0.74838580877246
281	79	-0.61256570340706
282	78	-0.47654744799225
283	77	-0.34037200267002
284	76	-0.20408226340683
285	75	-0.067722965920619
286	74	0.068659415214252
287	73	0.20499398765572
288	72	0.34127536384739
289	71	0.47743101287019
290	70	0.61340857719254
291	69	0.74915450672569
292	68	0.88461417128877
293	67	1.0197319725718
294	66	1.1544514550472
295	65	1.2887154153362
296	64	1.422466009592
297	63	1.5556448585152
298	62	1.6881931496686
299	61	1.8200517368115
300	60	1.9511612360161
301	59	2.0814621183791
302	58	2.2108947991807
303	57	2.3393997233804
304	56	2.4669174473804
305	55	2.5933887170129
306	54	2.7187545417437
307	53	2.8429562651049
308	52	2.9659356313974
309	51	3.0876348487215
310	50	3.2079966484119
311	49	3.3269643409685
312	48	3.4444818685879
313	47	3.5604938544073
314	46	3.6749456485853
315	45	3.7877833713444
316	44	3.898953953111
317	43	4.0084051718844
318	42	4.1160856879735
319	41	4.2219450762367
320	40	4.3259338559606
321	39	4.4280035185112
322	38	4.5281065528882
323	37	4.6261964693115
324	36	4.7222278209612
325	35	4.8161562239936
326	34	4.9079383759458
327	33	4.9975320726402
328	32	5.0848962236941
329	31	5.1699908667329
330	30	5.2527771804035
331	29	5.3332174962759
332	28	5.4112753097178
333	27	5.4869152898216
334	26	5.5601032884586
335	25	5.6308063485275
336	24	5.6989927114658
337	23	5.7646318240806
338	22	5.8276943447574
339	21	5.8881521490967
340	20	5.9459783350284
341	19	6.0011472274462
342	18	6.0536343824037
343	17	6.1034165909091
344	16	6.1504718823531
345	15	6.1947795276002
346	14	6.2363200417731
347	13	6.2750751867546
348	12	6.3110279734319
349	11	6.3441626637027
350	10	6.3744647722644
351	9	6.4019210682004
352	8	6.4265195763819
353	7	6.4482495786959
354	6	6.4671016151135
355	5	6.4830674846068
356	4	6.4961402459252
357	3	6.5063142182374
358	2	6.513584981646
359	1	6.5179493775791
0	0	6.5194055090642
