CST XY Data Exchange Format V2

Title    = S-Parameters
Xlabel   = Frequency / GHz
Ylabel   = dB

Curvelabel          = S1,1
Filename            = ^cS1(1)1(1).sig
Npoints             = 1001
Type                = 8
Subtype             = 16
Result type         = complex:none;impedance
View type           = Cartesian
Plot type           = Magnitude dB
Data/Title          = S-Parameters
X/Label             = Frequency
X/Unit              = GHz
Y/Unit              = 
Y/Logfactor         = 20
Plot/wrapHeuristics = 0

1.8999999761581	0.84119528532028	0.073687240481377	50	0
1.9010000228882	0.83945375680923	0.058966927230358	50	0
1.9019999504089	0.83737808465958	0.044165790081024	50	0
1.902999997139	0.83496385812759	0.029293557628989	50	0
1.904000043869	0.83220762014389	0.014360106550157	50	0
1.9049999713898	0.82910573482513	-0.00062454718863592	50	0
1.9060000181198	0.82565522193909	-0.01565027050674	50	0
1.9069999456406	0.8218532204628	-0.030706819146872	50	0
1.9079999923706	0.81769746541977	-0.045783847570419	50	0
1.9090000391006	0.81318575143814	-0.060870919376612	50	0
1.9099999666214	0.80831652879715	-0.075957551598549	50	0
1.9110000133514	0.80308824777603	-0.091033168137074	50	0
1.9119999408722	0.79750019311905	-0.10608719289303	50	0
1.9129999876022	0.79155170917511	-0.12110896408558	50	0
1.9140000343323	0.78524231910706	-0.13608780503273	50	0
1.914999961853	0.77857214212418	-0.15101309120655	50	0
1.9160000085831	0.77154183387756	-0.16587415337563	50	0
1.9170000553131	0.76415205001831	-0.18066035211086	50	0
1.9179999828339	0.75640386343002	-0.19536103308201	50	0
1.9190000295639	0.74829894304276	-0.20996570587158	50	0
1.9199999570847	0.73983907699585	-0.2244638055563	50	0
1.9210000038147	0.73102647066116	-0.23884488642216	50	0
1.9220000505447	0.72186356782913	-0.25309863686562	50	0
1.9229999780655	0.71235340833664	-0.26721474528313	50	0
1.9240000247955	0.70249909162521	-0.28118300437927	50	0
1.9249999523163	0.69230419397354	-0.29499340057373	50	0
1.9259999990463	0.68177253007889	-0.30863597989082	50	0
1.9270000457764	0.67090845108032	-0.32210099697113	50	0
1.9279999732971	0.65971612930298	-0.33537876605988	50	0
1.9290000200272	0.6482008099556	-0.34845978021622	50	0
1.9299999475479	0.63636726140976	-0.36133477091789	50	0
1.930999994278	0.62422090768814	-0.37399455904961	50	0
1.932000041008	0.61176764965057	-0.38643020391464	50	0
1.9329999685287	0.5990132689476	-0.39863294363022	50	0
1.9340000152588	0.58596396446228	-0.41059416532516	50	0
1.9349999427795	0.57262641191483	-0.42230561375618	50	0
1.9359999895096	0.55900722742081	-0.43375915288925	50	0
1.9370000362396	0.54511350393295	-0.44494685530663	50	0
1.9379999637604	0.53095227479935	-0.45586106181145	50	0
1.9390000104904	0.51653134822845	-0.46649441123009	50	0
1.9400000572205	0.50185811519623	-0.47683975100517	50	0
1.9409999847412	0.48694041371346	-0.48689016699791	50	0
1.9420000314713	0.47178685665131	-0.49663898348808	50	0
1.942999958992	0.4564051926136	-0.50607997179031	50	0
1.944000005722	0.44080382585526	-0.51520705223083	50	0
1.9450000524521	0.42499166727066	-0.52401423454285	50	0
1.9459999799728	0.40897762775421	-0.53249591588974	50	0
1.9470000267029	0.3927706182003	-0.54064691066742	50	0
1.9479999542236	0.37637922167778	-0.54846280813217	50	0
1.9490000009537	0.35981315374374	-0.5559384226799	50	0
1.9500000476837	0.34308144450188	-0.56306964159012	50	0
1.9509999752045	0.32619407773018	-0.56985205411911	50	0
1.9520000219345	0.30915987491608	-0.57628244161606	50	0
1.9529999494553	0.2919887304306	-0.58235710859299	50	0
1.9539999961853	0.27469021081924	-0.5880731344223	50	0
1.9550000429153	0.25727465748787	-0.59342724084854	50	0
1.9559999704361	0.23975118994713	-0.59841734170914	50	0
1.9570000171661	0.22212988138199	-0.60304117202759	50	0
1.9579999446869	0.20442059636116	-0.60729682445526	50	0
1.9589999914169	0.1866335272789	-0.6111826300621	50	0
1.960000038147	0.16877813637257	-0.61469745635986	50	0
1.9609999656677	0.15086483955383	-0.61784023046494	50	0
1.9620000123978	0.13290300965309	-0.62061047554016	50	0
1.9630000591278	0.11490272730589	-0.62300771474838	50	0
1.9639999866486	0.096874170005322	-0.62503188848495	50	0
1.9650000333786	0.078826829791069	-0.6266832947731	50	0
1.9659999608994	0.060770627111197	-0.62796252965927	50	0
1.9670000076294	0.042715352028608	-0.6288703083992	50	0
1.9680000543594	0.024670107290149	-0.62940788269043	50	0
1.9689999818802	0.0066454075276852	-0.62957668304443	50	0
1.9700000286102	-0.011349815875292	-0.62937831878662	50	0
1.970999956131	-0.029306376352906	-0.62881481647491	50	0
1.972000002861	-0.047214530408382	-0.62788844108582	50	0
1.9730000495911	-0.065065443515778	-0.6266016960144	50	0
1.9739999771118	-0.082849986851215	-0.62495744228363	50	0
1.9750000238419	-0.1005590185523	-0.62295854091644	50	0
1.9759999513626	-0.11818370968103	-0.62060850858688	50	0
1.9769999980927	-0.13571572303772	-0.6179107427597	50	0
1.9780000448227	-0.15314611792564	-0.61486911773682	50	0
1.9789999723434	-0.17046709358692	-0.61148750782013	50	0
1.9800000190735	-0.18767011165619	-0.60777020454407	50	0
1.9809999465942	-0.20474724471569	-0.60372179746628	50	0
1.9819999933243	-0.22169044613838	-0.59934675693512	50	0
1.9830000400543	-0.23849228024483	-0.59465008974075	50	0
1.9839999675751	-0.25514534115791	-0.58963698148727	50	0
1.9850000143051	-0.27164199948311	-0.58431243896484	50	0
1.9859999418259	-0.28797581791878	-0.57868212461472	50	0
1.9869999885559	-0.30413916707039	-0.57275152206421	50	0
1.9880000352859	-0.32012584805489	-0.56652647256851	50	0
1.9889999628067	-0.33592933416367	-0.56001311540604	50	0
1.9900000095367	-0.35154303908348	-0.5532174706459	50	0
1.9910000562668	-0.3669615983963	-0.54614555835724	50	0
1.9919999837875	-0.38217839598656	-0.53880423307419	50	0
1.9930000305176	-0.39718836545944	-0.53119957447052	50	0
1.9939999580383	-0.41198608279228	-0.52333837747574	50	0
1.9950000047684	-0.42656657099724	-0.51522755622864	50	0
1.9960000514984	-0.44092437624931	-0.50687378644943	50	0
1.9969999790192	-0.45505532622337	-0.4982842206955	50	0
1.9980000257492	-0.46895489096642	-0.48946571350098	50	0
1.99899995327	-0.48261865973473	-0.48042568564415	50	0
2	-0.49604314565659	-0.47117093205452	50	0
2.0009999275208	-0.50922399759293	-0.46170902252197	50	0
2.0020000934601	-0.52215832471848	-0.45204716920853	50	0
2.0030000209808	-0.53484237194061	-0.44219276309013	50	0
2.0039999485016	-0.54727357625961	-0.43215331435204	50	0
2.0050001144409	-0.55944871902466	-0.42193618416786	50	0
2.0060000419617	-0.5713654756546	-0.4115489423275	50	0
2.0069999694824	-0.5830215215683	-0.40099880099297	50	0
2.0079998970032	-0.59441500902176	-0.3902935385704	50	0
2.0090000629425	-0.60554397106171	-0.37944042682648	50	0
2.0099999904633	-0.61640650033951	-0.36844715476036	50	0
2.010999917984	-0.62700146436691	-0.35732105374336	50	0
2.0120000839233	-0.63732761144638	-0.34606990218163	50	0
2.0130000114441	-0.64738410711288	-0.33470064401627	50	0
2.0139999389648	-0.6571701169014	-0.32322105765343	50	0
2.0150001049042	-0.66668528318405	-0.31163844466209	50	0
2.0160000324249	-0.67592924833298	-0.29995992779732	50	0
2.0169999599457	-0.68490195274353	-0.28819298744202	50	0
2.0179998874664	-0.69360363483429	-0.27634444832802	50	0
2.0190000534058	-0.70203447341919	-0.26442191004753	50	0
2.0199999809265	-0.71019488573074	-0.25243237614632	50	0
2.0209999084473	-0.71808588504791	-0.2403824031353	50	0
2.0220000743866	-0.72570836544037	-0.22827929258347	50	0
2.0230000019073	-0.73306328058243	-0.21612989902496	50	0
2.0239999294281	-0.74015200138092	-0.20394049584866	50	0
2.0250000953674	-0.74697607755661	-0.19171799719334	50	0
2.0260000228882	-0.75353717803955	-0.17946916818619	50	0
2.0269999504089	-0.75983685255051	-0.16720014810562	50	0
2.0280001163483	-0.76587742567062	-0.1549170166254	50	0
2.029000043869	-0.77166080474854	-0.14262619614601	50	0
2.0299999713898	-0.77718943357468	-0.13033382594585	50	0
2.0309998989105	-0.78246563673019	-0.11804574728012	50	0
2.0320000648499	-0.78749203681946	-0.10576764494181	50	0
2.0329999923706	-0.79227143526077	-0.093505434691906	50	0
2.0339999198914	-0.79680663347244	-0.08126450330019	50	0
2.0350000858307	-0.80110055208206	-0.069050282239914	50	0
2.0360000133514	-0.80515646934509	-0.056868221610785	50	0
2.0369999408722	-0.80897754430771	-0.044722843915224	50	0
2.0380001068115	-0.81256687641144	-0.03261985629797	50	0
2.0390000343323	-0.81592828035355	-0.020564027130604	50	0
2.039999961853	-0.8190650343895	-0.008559376001358	50	0
2.0409998893738	-0.82198077440262	0.0033888996113092	50	0
2.0420000553131	-0.82467925548553	0.015276745893061	50	0
2.0429999828339	-0.82716435194016	0.027099696919322	50	0
2.0439999103546	-0.82943993806839	0.038853675127029	50	0
2.0450000762939	-0.83150988817215	0.050534952431917	50	0
2.0460000038147	-0.83337807655334	0.062139797955751	50	0
2.0469999313354	-0.83504891395569	0.073664478957653	50	0
2.0480000972748	-0.83652627468109	0.085105195641518	50	0
2.0490000247955	-0.83781433105469	0.096459172666073	50	0
2.0499999523163	-0.8389173746109	0.10772298276424	50	0
2.0510001182556	-0.83983963727951	0.11889378726482	50	0
2.0520000457764	-0.84058541059494	0.12996852397919	50	0
2.0529999732971	-0.8411591053009	0.14094471931458	50	0
2.0539999008179	-0.84156477451324	0.15181984007359	50	0
2.0550000667572	-0.84180706739426	0.16259114444256	50	0
2.055999994278	-0.84189021587372	0.17325668036938	50	0
2.0569999217987	-0.8418185710907	0.18381443619728	50	0
2.058000087738	-0.84159654378891	0.19426214694977	50	0
2.0590000152588	-0.84122842550278	0.2045985609293	50	0
2.0599999427795	-0.84071868658066	0.21482135355473	50	0
2.0610001087189	-0.84007179737091	0.22492957115173	50	0
2.0620000362396	-0.83929181098938	0.23492160439491	50	0
2.0629999637604	-0.83838301897049	0.24479618668556	50	0
2.0639998912811	-0.83735013008118	0.25455248355865	50	0
2.0650000572205	-0.836197078228	0.26418906450272	50	0
2.0659999847412	-0.83492815494537	0.27370554208755	50	0
2.066999912262	-0.83354759216309	0.2831010222435	50	0
2.0680000782013	-0.83205944299698	0.29237496852875	50	0
2.069000005722	-0.83046793937683	0.30152699351311	50	0
2.0699999332428	-0.82877719402313	0.31055665016174	50	0
2.0710000991821	-0.82699126005173	0.31946349143982	50	0
2.0720000267029	-0.82511389255524	0.32824799418449	50	0
2.0729999542236	-0.82314896583557	0.33690974116325	50	0
2.0739998817444	-0.82110071182251	0.34544897079468	50	0
2.0750000476837	-0.81897270679474	0.35386598110199	50	0
2.0759999752045	-0.81676864624023	0.36216077208519	50	0
2.0769999027252	-0.81449222564697	0.37033411860466	50	0
2.0780000686646	-0.812146961689	0.37838649749756	50	0
2.0789999961853	-0.80973660945892	0.38631829619408	50	0
2.0799999237061	-0.80726426839828	0.3941305577755	50	0
2.0810000896454	-0.80473387241364	0.40182343125343	50	0
2.0820000171661	-0.80214816331863	0.409398406744	50	0
2.0829999446869	-0.79951065778732	0.41685622930527	50	0
2.0840001106262	-0.79682451486588	0.42419776320457	50	0
2.085000038147	-0.79409283399582	0.43142408132553	50	0
2.0859999656677	-0.79131835699081	0.43853661417961	50	0
2.0869998931885	-0.78850436210632	0.44553622603416	50	0
2.0880000591278	-0.78565335273743	0.45242434740067	50	0
2.0889999866486	-0.78276836872101	0.45920211076736	50	0
2.0899999141693	-0.77985191345215	0.46587130427361	50	0
2.0910000801086	-0.77690654993057	0.47243306040764	50	0
2.0920000076294	-0.77393472194672	0.47888892889023	50	0
2.0929999351501	-0.77093899250031	0.48524031043053	50	0
2.0940001010895	-0.76792162656784	0.49148890376091	50	0
2.0950000286102	-0.76488488912582	0.4976359307766	50	0
2.095999956131	-0.76183086633682	0.50368344783783	50	0
2.0969998836517	-0.75876182317734	0.50963282585144	50	0
2.0980000495911	-0.75567942857742	0.51548612117767	50	0
2.0989999771118	-0.75258576869965	0.52124434709549	50	0
2.0999999046326	-0.74948287010193	0.52690970897675	50	0
2.1010000705719	-0.7463721036911	0.53248405456543	50	0
2.1019999980927	-0.74325531721115	0.53796881437302	50	0
2.1029999256134	-0.7401340007782	0.54336565732956	50	0
2.1040000915527	-0.73701000213623	0.54867666959763	50	0
2.1050000190735	-0.73388427495956	0.55390328168869	50	0
2.1059999465942	-0.73075848817825	0.55904757976532	50	0
2.1070001125336	-0.72763359546661	0.56411123275757	50	0
2.1080000400543	-0.72451120615005	0.56909596920013	50	0
2.1089999675751	-0.72139221429825	0.57400339841843	50	0
2.1099998950958	-0.71827721595764	0.5788357257843	50	0
2.1110000610352	-0.71516811847687	0.58359408378601	50	0
2.1119999885559	-0.71206521987915	0.58828073740005	50	0
2.1129999160767	-0.70896971225739	0.59289705753326	50	0
2.114000082016	-0.70588183403015	0.59744507074356	50	0
2.1150000095367	-0.70280289649963	0.60192602872849	50	0
2.1159999370575	-0.69973307847977	0.60634195804596	50	0
2.1170001029968	-0.69667315483093	0.61069458723068	50	0
2.1180000305176	-0.69362366199493	0.6149850487709	50	0
2.1189999580383	-0.69058519601822	0.6192153096199	50	0
2.1199998855591	-0.68755799531937	0.62338697910309	50	0
2.1210000514984	-0.68454241752625	0.62750142812729	50	0
2.1219999790192	-0.68153876066208	0.63156014680862	50	0
2.1229999065399	-0.67854756116867	0.63556480407715	50	0
2.1240000724792	-0.67556881904602	0.63951677083969	50	0
2.125	-0.67260277271271	0.64341729879379	50	0
2.1259999275208	-0.66964942216873	0.64726811647415	50	0
2.1270000934601	-0.66670882701874	0.65107029676437	50	0
2.1280000209808	-0.66378110647202	0.65482532978058	50	0
2.1289999485016	-0.66086637973785	0.6585345864296	50	0
2.1300001144409	-0.65796482563019	0.66219878196716	50	0
2.1310000419617	-0.65507566928864	0.66581988334656	50	0
2.1319999694824	-0.65219938755035	0.66939854621887	50	0
2.1329998970032	-0.64933568239212	0.672935962677	50	0
2.1340000629425	-0.64648443460464	0.67643350362778	50	0
2.1349999904633	-0.64364540576935	0.67989200353622	50	0
2.135999917984	-0.6408189535141	0.68331241607666	50	0
2.1370000839233	-0.63800376653671	0.68669617176056	50	0
2.1380000114441	-0.63520044088364	0.69004356861115	50	0
2.1389999389648	-0.63240838050842	0.69335603713989	50	0
2.1400001049042	-0.62962698936462	0.69663447141647	50	0
2.1410000324249	-0.62685698270798	0.6998792886734	50	0
2.1419999599457	-0.62409710884094	0.70309168100357	50	0
2.1429998874664	-0.62134730815887	0.70627218484879	50	0
2.1440000534058	-0.61860752105713	0.70942151546478	50	0
2.1449999809265	-0.61587715148926	0.71254062652588	50	0
2.1459999084473	-0.61315625905991	0.71562963724136	50	0
2.1470000743866	-0.61044353246689	0.71868985891342	50	0
2.1480000019073	-0.60773950815201	0.72172147035599	50	0
2.1489999294281	-0.60504370927811	0.72472500801086	50	0
2.1500000953674	-0.60235530138016	0.7277010679245	50	0
2.1510000228882	-0.59967446327209	0.7306501865387	50	0
2.1519999504089	-0.59700065851212	0.73357266187668	50	0
2.1530001163483	-0.59433364868164	0.73646903038025	50	0
2.154000043869	-0.59167259931564	0.73933982849121	50	0
2.1549999713898	-0.58901762962341	0.74218517541885	50	0
2.1559998989105	-0.5863681435585	0.74500548839569	50	0
2.1570000648499	-0.58372431993484	0.74780112504959	50	0
2.1579999923706	-0.58108496665955	0.75057232379913	50	0
2.1589999198914	-0.57845079898834	0.75331926345825	50	0
2.1600000858307	-0.57582068443298	0.75604230165482	50	0
2.1610000133514	-0.57319438457489	0.75874161720276	50	0
2.1619999408722	-0.57057231664658	0.76141726970673	50	0
2.1630001068115	-0.56795352697372	0.76406961679459	50	0
2.1640000343323	-0.56533771753311	0.76669877767563	50	0
2.164999961853	-0.56272524595261	0.76930463314056	50	0
2.1659998893738	-0.56011563539505	0.77188766002655	50	0
2.1670000553131	-0.55750834941864	0.77444767951965	50	0
2.1679999828339	-0.5549031496048	0.77698487043381	50	0
2.1689999103546	-0.55230051279068	0.77949905395508	50	0
2.1700000762939	-0.54969984292984	0.78199076652527	50	0
2.1710000038147	-0.54710066318512	0.78445959091187	50	0
2.1719999313354	-0.54450356960297	0.7869057059288	50	0
2.1730000972748	-0.541907787323	0.78932917118073	50	0
2.1740000247955	-0.5393134355545	0.79172998666763	50	0
2.1749999523163	-0.53672057390213	0.79410803318024	50	0
2.1760001182556	-0.53412884473801	0.79646325111389	50	0
2.1770000457764	-0.53153842687607	0.79879581928253	50	0
2.1779999732971	-0.5289489030838	0.80110561847687	50	0
2.1789999008179	-0.52636086940765	0.80339246988297	50	0
2.1800000667572	-0.52377367019653	0.80565655231476	50	0
2.180999994278	-0.52118760347366	0.80789774656296	50	0
2.1819999217987	-0.51860296726227	0.81011605262756	50	0
2.183000087738	-0.51601928472519	0.81231123209	50	0
2.1840000152588	-0.51343679428101	0.8144833445549	50	0
2.1849999427795	-0.51085561513901	0.81663250923157	50	0
2.1860001087189	-0.50827592611313	0.81875842809677	50	0
2.1870000362396	-0.50569725036621	0.82086116075516	50	0
2.1879999637604	-0.50312072038651	0.82294082641602	50	0
2.1889998912811	-0.50054550170898	0.82499706745148	50	0
2.1900000572205	-0.49797186255455	0.82703024148941	50	0
2.1909999847412	-0.4954007267952	0.82903987169266	50	0
2.191999912262	-0.49283131957054	0.8310261964798	50	0
2.1930000782013	-0.49026396870613	0.83298927545547	50	0
2.194000005722	-0.48769959807396	0.83492887020111	50	0
2.1949999332428	-0.48513704538345	0.83684527873993	50	0
2.1960000991821	-0.48257786035538	0.83873826265335	50	0
2.1970000267029	-0.4800215959549	0.84060782194138	50	0
2.1979999542236	-0.47746860980988	0.84245407581329	50	0
2.1989998817444	-0.47491866350174	0.84427714347839	50	0
2.2000000476837	-0.47237268090248	0.84607684612274	50	0
2.2009999752045	-0.46983048319817	0.84785336256027	50	0
2.2019999027252	-0.46729263663292	0.84960675239563	50	0
2.2030000686646	-0.46475863456726	0.8513371348381	50	0
2.2039999961853	-0.46222972869873	0.85304427146912	50	0
2.2049999237061	-0.45970544219017	0.85472881793976	50	0
2.2060000896454	-0.45718622207642	0.85639023780823	50	0
2.2070000171661	-0.45467254519463	0.85802918672562	50	0
2.2079999446869	-0.45216438174248	0.85964542627335	50	0
2.2090001106262	-0.44966205954552	0.86123925447464	50	0
2.210000038147	-0.44716614484787	0.86281073093414	50	0
2.2109999656677	-0.44467607140541	0.86436009407043	50	0
2.2119998931885	-0.44219329953194	0.86588740348816	50	0
2.2130000591278	-0.43971720337868	0.86739283800125	50	0
2.2139999866486	-0.43724802136421	0.86887675523758	50	0
2.2149999141693	-0.43478634953499	0.87033921480179	50	0
2.2160000801086	-0.43233248591423	0.87178033590317	50	0
2.2170000076294	-0.42988654971123	0.8732003569603	50	0
2.2179999351501	-0.42744839191437	0.87459969520569	50	0
2.2190001010895	-0.42501911520958	0.87597846984863	50	0
2.2200000286102	-0.42259848117828	0.87733680009842	50	0
2.220999956131	-0.42018628120422	0.87867510318756	50	0
2.2219998836517	-0.41778358817101	0.87999349832535	50	0
2.2230000495911	-0.41538974642754	0.88129246234894	50	0
2.2239999771118	-0.41300585865974	0.88257211446762	50	0
2.2249999046326	-0.4106317460537	0.88383269309998	50	0
2.2260000705719	-0.40826708078384	0.88507467508316	50	0
2.2269999980927	-0.40591263771057	0.88629817962646	50	0
2.2279999256134	-0.40356850624084	0.88750356435776	50	0
2.2290000915527	-0.40123501420021	0.88869124650955	50	0
2.2300000190735	-0.3989118039608	0.88986128568649	50	0
2.2309999465942	-0.396599650383	0.89101439714432	50	0
2.2320001125336	-0.39429819583893	0.89215064048767	50	0
2.2330000400543	-0.39200767874718	0.89327025413513	50	0
2.2339999675751	-0.38972833752632	0.89437383413315	50	0
2.2349998950958	-0.38746032118797	0.8954616189003	50	0
2.2360000610352	-0.38520380854607	0.89653384685516	50	0
2.2369999885559	-0.38295856118202	0.8975909948349	50	0
2.2379999160767	-0.38072472810745	0.89863336086273	50	0
2.239000082016	-0.37850254774094	0.89966124296188	50	0
2.2400000095367	-0.37629216909409	0.90067517757416	50	0
2.2409999370575	-0.37409329414368	0.90167534351349	50	0
2.2420001029968	-0.37190610170364	0.90266209840775	50	0
2.2430000305176	-0.36973097920418	0.90363585948944	50	0
2.2439999580383	-0.36756739020348	0.90459680557251	50	0
2.2449998855591	-0.36541575193405	0.9055455327034	50	0
2.2460000514984	-0.3632755279541	0.90648233890533	50	0
2.2469999790192	-0.36114728450775	0.90740746259689	50	0
2.2479999065399	-0.359031021595	0.90832126140594	50	0
2.2490000724792	-0.35692632198334	0.90922409296036	50	0
2.25	-0.35483312606812	0.910116314888	50	0
2.2509999275208	-0.35275137424469	0.91099834442139	50	0
2.2520000934601	-0.35068139433861	0.9118704199791	50	0
2.2530000209808	-0.34862279891968	0.91273272037506	50	0
2.2539999485016	-0.3465755879879	0.91358578205109	50	0
2.2550001144409	-0.34453955292702	0.9144299030304	50	0
2.2560000419617	-0.34251484274864	0.91526538133621	50	0
2.2569999694824	-0.34050107002258	0.91609233617783	50	0
2.2579998970032	-0.33849814534187	0.91691118478775	50	0
2.2590000629425	-0.3365059196949	0.91772228479385	50	0
2.2599999904633	-0.33452463150024	0.91852575540543	50	0
2.260999917984	-0.33255335688591	0.91932219266891	50	0
2.2620000839233	-0.33059301972389	0.92011135816574	50	0
2.2630000114441	-0.32864281535149	0.920893907547	50	0
2.2639999389648	-0.32670232653618	0.92167007923126	50	0
2.2650001049042	-0.32477205991745	0.92243993282318	50	0
2.2660000324249	-0.32285124063492	0.92320370674133	50	0
2.2669999599457	-0.3209402859211	0.92396169900894	50	0
2.2679998874664	-0.3190384209156	0.92471420764923	50	0
2.2690000534058	-0.31714561581612	0.92546129226685	50	0
2.2699999809265	-0.31526154279709	0.9262033700943	50	0
2.2709999084473	-0.31338661909103	0.92694020271301	50	0
2.2720000743866	-0.31151962280273	0.92767244577408	50	0
2.2730000019073	-0.30966183543205	0.92839986085892	50	0
2.2739999294281	-0.30781152844429	0.92912292480469	50	0
2.2750000953674	-0.30596962571144	0.92984157800674	50	0
2.2760000228882	-0.30413526296616	0.93055599927902	50	0
2.2769999504089	-0.3023079931736	0.93126660585403	50	0
2.2780001163483	-0.30048826336861	0.93197309970856	50	0
2.279000043869	-0.29867562651634	0.93267577886581	50	0
2.2799999713898	-0.29686972498894	0.9333747625351	50	0
2.2809998989105	-0.29507091641426	0.93406993150711	50	0
2.2820000648499	-0.29327791929245	0.93476176261902	50	0
2.2829999923706	-0.29149159789085	0.93544989824295	50	0
2.2839999198914	-0.2897110581398	0.93613487482071	50	0
2.2850000858307	-0.28793674707413	0.93681621551514	50	0
2.2860000133514	-0.28616777062416	0.93749445676804	50	0
2.2869999408722	-0.28440365195274	0.93816930055618	50	0
2.2880001068115	-0.28264531493187	0.93884092569351	50	0
2.2890000343323	-0.28089180588722	0.93950933218002	50	0
2.289999961853	-0.2791431248188	0.94017446041107	50	0
2.2909998893738	-0.27739927172661	0.94083631038666	50	0
2.2920000553131	-0.27565976977348	0.94149494171143	50	0
2.2929999828339	-0.27392414212227	0.94215059280396	50	0
2.2939999103546	-0.27219280600548	0.94280272722244	50	0
2.2950000762939	-0.27046537399292	0.9434517621994	50	0
2.2960000038147	-0.26874172687531	0.94409739971161	50	0
2.2969999313354	-0.26702189445496	0.94473958015442	50	0
2.2980000972748	-0.2653049826622	0.94537854194641	50	0
2.2990000247955	-0.26359176635742	0.94601392745972	50	0
2.2999999523163	-0.26188185811043	0.94664573669434	50	0
2.3010001182556	-0.26017436385155	0.9472741484642	50	0
2.3020000457764	-0.25847008824348	0.94789892435074	50	0
2.3029999732971	-0.25676816701889	0.94851994514465	50	0
2.3039999008179	-0.25506895780563	0.94913727045059	50	0
2.3050000667572	-0.25337252020836	0.94975072145462	50	0
2.305999994278	-0.25167834758759	0.95036017894745	50	0
2.3069999217987	-0.24998681247234	0.95096558332443	50	0
2.308000087738	-0.24829709529877	0.95156699419022	50	0
2.3090000152588	-0.2466095238924	0.95216405391693	50	0
2.3099999427795	-0.24492417275906	0.95275688171387	50	0
2.3110001087189	-0.24324053525925	0.95334541797638	50	0
2.3120000362396	-0.24155904352665	0.95392942428589	50	0
2.3129999637604	-0.23987966775894	0.95450878143311	50	0
2.3139998912811	-0.23820197582245	0.95508348941803	50	0
2.3150000572205	-0.23652595281601	0.95565348863602	50	0
2.3159999847412	-0.23485152423382	0.95621860027313	50	0
2.316999912262	-0.23317919671535	0.95677864551544	50	0
2.3180000782013	-0.2315089404583	0.95733338594437	50	0
2.319000005722	-0.22983938455582	0.957883477211	50	0
2.3199999332428	-0.22817233204842	0.95842784643173	50	0
2.3210000991821	-0.2265068590641	0.95896697044373	50	0
2.3220000267029	-0.2248429954052	0.95950067043304	50	0
2.3229999542236	-0.22318071126938	0.96002888679504	50	0
2.3239998817444	-0.2215204834938	0.9605513215065	50	0
2.3250000476837	-0.21986182034016	0.9610680937767	50	0
2.3259999752045	-0.21820475161076	0.96157914400101	50	0
2.3269999027252	-0.21655018627644	0.9620840549469	50	0
2.3280000686646	-0.21489721536636	0.96258324384689	50	0
2.3289999961853	-0.21324628591537	0.96307611465454	50	0
2.3299999237061	-0.21159742772579	0.96356290578842	50	0
2.3310000896454	-0.20995064079762	0.96404355764389	50	0
2.3320000171661	-0.20830546319485	0.96451807022095	50	0
2.3329999446869	-0.2066628485918	0.96498620510101	50	0
2.3340001106262	-0.20502278208733	0.9654478430748	50	0
2.335000038147	-0.2033848464489	0.96590316295624	50	0
2.3359999656677	-0.20174950361252	0.96635204553604	50	0
2.3369998931885	-0.20011629164219	0.96679437160492	50	0
2.3380000591278	-0.19848571717739	0.96723026037216	50	0
2.3389999866486	-0.19685824215412	0.96765941381454	50	0
2.3399999141693	-0.19523392617702	0.96808195114136	50	0
2.3410000801086	-0.19361205399036	0.96849799156189	50	0
2.3420000076294	-0.19199308753014	0.96890735626221	50	0
2.3429999351501	-0.19037710130215	0.96931004524231	50	0
2.3440001010895	-0.18876455724239	0.96970617771149	50	0
2.3450000286102	-0.18715550005436	0.97009563446045	50	0
2.345999956131	-0.18554972112179	0.97047847509384	50	0
2.3469998836517	-0.18394745886326	0.97085464000702	50	0
2.3480000495911	-0.18234851956367	0.97122424840927	50	0
2.3489999771118	-0.18075339496136	0.9715873003006	50	0
2.3499999046326	-0.17916235327721	0.97194385528564	50	0
2.3510000705719	-0.17757520079613	0.97229391336441	50	0
2.3519999980927	-0.17599216103554	0.97263735532761	50	0
2.3529999256134	-0.17441308498383	0.9729745388031	50	0
2.3540000915527	-0.17283841967583	0.9733053445816	50	0
2.3550000190735	-0.17126800119877	0.97362977266312	50	0
2.3559999465942	-0.16970208287239	0.97394806146622	50	0
2.3570001125336	-0.16814044117928	0.97426009178162	50	0
2.3580000400543	-0.16658383607864	0.97456604242325	50	0
2.3589999675751	-0.16503185033798	0.9748660326004	50	0
2.3599998950958	-0.16348448395729	0.97516000270844	50	0
2.3610000610352	-0.16194222867489	0.97544819116592	50	0
2.3619999885559	-0.16040512919426	0.97573059797287	50	0
2.3629999160767	-0.15887276828289	0.97600734233856	50	0
2.364000082016	-0.15734586119652	0.97627854347229	50	0
2.3650000095367	-0.15582399070263	0.97654432058334	50	0
2.3659999370575	-0.15430763363838	0.97680473327637	50	0
2.3670001029968	-0.15279637277126	0.97705984115601	50	0
2.3680000305176	-0.15129046142101	0.97731000185013	50	0
2.3689999580383	-0.14979040622711	0.97755497694016	50	0
2.3699998855591	-0.14829576015472	0.97779512405396	50	0
2.3710000514984	-0.14680655300617	0.97803056240082	50	0
2.3719999790192	-0.14532306790352	0.97826135158539	50	0
2.3729999065399	-0.14384531974792	0.97848755121231	50	0
2.3740000724792	-0.14237335324287	0.97870951890945	50	0
2.375	-0.14090670645237	0.97892719507217	50	0
2.3759999275208	-0.13944612443447	0.9791407585144	50	0
2.3770000934601	-0.13799138367176	0.97935038805008	50	0
2.3780000209808	-0.1365423053503	0.9795560836792	50	0
2.3789999485016	-0.13509909808636	0.97975814342499	50	0
2.3800001144409	-0.13366162776947	0.97995656728745	50	0
2.3810000419617	-0.132229834795	0.98015165328979	50	0
2.3819999694824	-0.13080427050591	0.98034346103668	50	0
2.3829998970032	-0.1293840110302	0.98053205013275	50	0
2.3840000629425	-0.12796974182129	0.98071759939194	50	0
2.3849999904633	-0.12656131386757	0.98090034723282	50	0
2.385999917984	-0.12515822052956	0.98108023405075	50	0
2.3870000839233	-0.12376097589731	0.98125755786896	50	0
2.3880000114441	-0.12236960232258	0.98143255710602	50	0
2.3889999389648	-0.12098363041878	0.98160511255264	50	0
2.3900001049042	-0.11960332840681	0.98177540302277	50	0
2.3910000324249	-0.1182282269001	0.98194360733032	50	0
2.3919999599457	-0.11685905605555	0.98210978507996	50	0
2.3929998874664	-0.11549465358257	0.98227429389954	50	0
2.3940000534058	-0.1141359731555	0.98243695497513	50	0
2.3949999809265	-0.11278255283833	0.98259800672531	50	0
2.3959999084473	-0.11143440008163	0.98275768756866	50	0
2.3970000743866	-0.11009106040001	0.98291575908661	50	0
2.3980000019073	-0.10875277221203	0.98307275772095	50	0
2.3989999294281	-0.10741955786943	0.98322838544846	50	0
2.4000000953674	-0.10609094798565	0.98338311910629	50	0
2.4010000228882	-0.10476741194725	0.98353683948517	50	0
2.4019999504089	-0.10344801843166	0.98368972539902	50	0
2.4030001163483	-0.1021337211132	0.98384171724319	50	0
2.404000043869	-0.1008235886693	0.98399305343628	50	0
2.4049999713898	-0.099517598748207	0.98414367437363	50	0
2.4059998989105	-0.098216250538826	0.98429375886917	50	0
2.4070000648499	-0.096919052302837	0.9844434261322	50	0
2.4079999923706	-0.095625564455986	0.98459267616272	50	0
2.4089999198914	-0.09433576464653	0.98474144935608	50	0
2.4100000858307	-0.093050129711628	0.98488998413086	50	0
2.4110000133514	-0.091768190264702	0.98503822088242	50	0
2.4119999408722	-0.090489707887173	0.98518627882004	50	0
2.4130001068115	-0.089214697480202	0.98533421754837	50	0
2.4140000343323	-0.087942890822887	0.98548197746277	50	0
2.414999961853	-0.08667454123497	0.98562961816788	50	0
2.4159998893738	-0.085409179329872	0.98577725887299	50	0
2.4170000553131	-0.084146544337273	0.98592466115952	50	0
2.4179999828339	-0.082886889576912	0.98607212305069	50	0
2.4189999103546	-0.08162996172905	0.98621964454651	50	0
2.4200000762939	-0.080375522375107	0.98636692762375	50	0
2.4210000038147	-0.079123817384243	0.98651444911957	50	0
2.4219999313354	-0.077874347567558	0.98666173219681	50	0
2.4230000972748	-0.076627120375633	0.98680913448334	50	0
2.4240000247955	-0.075382135808468	0.98695635795593	50	0
2.4249999523163	-0.074138894677162	0.98710364103317	50	0
2.4260001182556	-0.072897888720036	0.98725068569183	50	0
2.4270000457764	-0.071658626198769	0.98739773035049	50	0
2.4279999732971	-0.0704210922122	0.98754453659058	50	0
2.4289999008179	-0.069185063242912	0.98769122362137	50	0
2.4300000667572	-0.067950516939163	0.98783761262894	50	0
2.430999994278	-0.066717460751534	0.98798376321793	50	0
2.4319999217987	-0.065485648810863	0.98812967538834	50	0
2.433000087738	-0.064255066215992	0.98827517032623	50	0
2.4340000152588	-0.063025951385498	0.98842018842697	50	0
2.4349999427795	-0.061797577887774	0.9885647892952	50	0
2.4360001087189	-0.060569956898689	0.98870873451233	50	0
2.4370000362396	-0.059343546628952	0.98885214328766	50	0
2.4379999637604	-0.058118104934692	0.98899495601654	50	0
2.4389998912811	-0.056893154978752	0.9891369342804	50	0
2.4400000572205	-0.05566892772913	0.98927819728851	50	0
2.4409999847412	-0.054445419460535	0.98941838741302	50	0
2.441999912262	-0.053222384303808	0.98955774307251	50	0
2.4430000782013	-0.05199982598424	0.9896959066391	50	0
2.444000005722	-0.050777968019247	0.98983299732208	50	0
2.4449999332428	-0.049556341022253	0.98996889591217	50	0
2.4460000991821	-0.048335172235966	0.99010354280472	50	0
2.4470000267029	-0.047114226967096	0.99023669958115	50	0
2.4479999542236	-0.045893739908934	0.99036854505539	50	0
2.4489998817444	-0.044673703610897	0.99049866199493	50	0
2.4500000476837	-0.043453652411699	0.99062728881836	50	0
2.4509999752045	-0.042234044522047	0.9907540678978	50	0
2.4519999027252	-0.041014414280653	0.99087905883789	50	0
2.4530000686646	-0.039795476943254	0.99100226163864	50	0
2.4539999961853	-0.038576506078243	0.99112325906754	50	0
2.4549999237061	-0.037357989698648	0.99124228954315	50	0
2.4560000896454	-0.036139454692602	0.99135911464691	50	0
2.4570000171661	-0.034921366721392	0.99147373437881	50	0
2.4579999446869	-0.033703498542309	0.99158608913422	50	0
2.4590001106262	-0.032485850155354	0.99169600009918	50	0
2.460000038147	-0.031268894672394	0.99180328845978	50	0
2.4609999656677	-0.030052173882723	0.99190819263458	50	0
2.4619998931885	-0.028835438191891	0.99201035499573	50	0
2.4630000591278	-0.027619410306215	0.99210971593857	50	0
2.4639999866486	-0.026403861120343	0.99220645427704	50	0
2.4649999141693	-0.025189025327563	0.99230021238327	50	0
2.4660000801086	-0.023974437266588	0.99239104986191	50	0
2.4670000076294	-0.022760575637221	0.99247878789902	50	0
2.4679999351501	-0.021547451615334	0.99256366491318	50	0
2.4690001010895	-0.020335065200925	0.99264532327652	50	0
2.4700000286102	-0.019123427569866	0.9927237033844	50	0
2.470999956131	-0.017912544310093	0.99279916286469	50	0
2.4719998836517	-0.016702892258763	0.99287116527557	50	0
2.4730000495911	-0.015494012273848	0.99293977022171	50	0
2.4739999771118	-0.014286147430539	0.99300515651703	50	0
2.4749999046326	-0.013079540804029	0.99306708574295	50	0
2.4760000705719	-0.011873967014253	0.99312567710876	50	0
2.4769999980927	-0.010669668205082	0.99318075180054	50	0
2.4779999256134	-0.0094671295955777	0.99323242902756	50	0
2.4790000915527	-0.0082658845931292	0.9932804107666	50	0
2.4800000190735	-0.0070659443736076	0.99332505464554	50	0
2.4809999465942	-0.0058677904307842	0.99336612224579	50	0
2.4820001125336	-0.0046714330092072	0.99340361356735	50	0
2.4830000400543	-0.0034768807236105	0.99343758821487	50	0
2.4839999675751	-0.0022841438185424	0.99346792697906	50	0
2.4849998950958	-0.001093705301173	0.99349492788315	50	0
2.4860000610352	9.5373063231818e-05	0.99351841211319	50	0
2.4869999885559	0.001281660515815	0.99353820085526	50	0
2.4879999160767	0.0024660951457918	0.99355447292328	50	0
2.489000082016	0.0036481947172433	0.99356746673584	50	0
2.4900000095367	0.004827712662518	0.99357694387436	50	0
2.4909999370575	0.006004876922816	0.99358302354813	50	0
2.4920001029968	0.0071794418618083	0.9935856461525	50	0
2.4930000305176	0.0083513995632529	0.9935849905014	50	0
2.4939999580383	0.0095205036923289	0.99358105659485	50	0
2.4949998855591	0.01068698335439	0.99357378482819	50	0
2.4960000514984	0.011850595474243	0.99356347322464	50	0
2.4969999790192	0.013011095114052	0.99354982376099	50	0
2.4979999065399	0.014168710447848	0.99353313446045	50	0
2.4990000724792	0.01532319933176	0.99351358413696	50	0
2.5	0.01647431589663	0.9934908747673	50	0
2.5009999275208	0.017622532323003	0.99346536397934	50	0
2.5020000934601	0.018767366185784	0.99343711137772	50	0
2.5030000209808	0.019908811897039	0.99340599775314	50	0
2.5039999485016	0.021046863868833	0.9933722615242	50	0
2.5050001144409	0.022181520238519	0.99333596229553	50	0
2.5060000419617	0.023312775418162	0.99329710006714	50	0
2.5069999694824	0.024440152570605	0.99325585365295	50	0
2.5079998970032	0.02556411921978	0.99321234226227	50	0
2.5090000629425	0.026684680953622	0.99316656589508	50	0
2.5099999904633	0.027801349759102	0.99311864376068	50	0
2.510999917984	0.028914367780089	0.99306863546371	50	0
2.5120000839233	0.03002349846065	0.99301666021347	50	0
2.5130000114441	0.031129213050008	0.99296289682388	50	0
2.5139999389648	0.032231032848358	0.99290734529495	50	0
2.5150001049042	0.033329203724861	0.99285018444061	50	0
2.5160000324249	0.034423474222422	0.99279129505157	50	0
2.5169999599457	0.03551409766078	0.992731153965	50	0
2.5179998874664	0.036600835621357	0.9926695227623	50	0
2.5190000534058	0.037683922797441	0.99260669946671	50	0
2.5199999809265	0.038763117045164	0.99254274368286	50	0
2.5209999084473	0.039838910102844	0.99247765541077	50	0
2.5220000743866	0.040910348296165	0.992411673069	50	0
2.5230000019073	0.041978623718023	0.99234473705292	50	0
2.5239999294281	0.043043028563261	0.99227726459503	50	0
2.5250000953674	0.044103801250458	0.99220889806747	50	0
2.5260000228882	0.045161183923483	0.9921401143074	50	0
2.5269999504089	0.046214707195759	0.99207079410553	50	0
2.5280001163483	0.047264851629734	0.99200117588043	50	0
2.529000043869	0.04831138625741	0.99193120002747	50	0
2.5299999713898	0.049354549497366	0.99186104536057	50	0
2.5309998989105	0.050394356250763	0.99179089069366	50	0
2.5320000648499	0.05143079906702	0.99172049760818	50	0
2.5329999923706	0.05246390029788	0.99165046215057	50	0
2.5339999198914	0.05349412560463	0.99158036708832	50	0
2.5350000858307	0.054520782083273	0.99151062965393	50	0
2.5360000133514	0.055544815957546	0.99144113063812	50	0
2.5369999408722	0.056565526872873	0.99137198925018	50	0
2.5380001068115	0.057583633810282	0.99130320549011	50	0
2.5390000343323	0.058598671108484	0.99123525619507	50	0
2.539999961853	0.059611108154058	0.99116760492325	50	0
2.5409998893738	0.060620967298746	0.99110060930252	50	0
2.5420000553131	0.061628744006157	0.99103432893753	50	0
2.5429999828339	0.062632739543915	0.99096876382828	50	0
2.5439999103546	0.06363583356142	0.99090397357941	50	0
2.5450000762939	0.064635664224625	0.99084007740021	50	0
2.5460000038147	0.065633177757263	0.99077707529068	50	0
2.5469999313354	0.066629327833652	0.99071478843689	50	0
2.5480000972748	0.067623659968376	0.99065345525742	50	0
2.5490000247955	0.068615227937698	0.99059319496155	50	0
2.5499999523163	0.069605447351933	0.99053382873535	50	0
2.5510001182556	0.07059434056282	0.99047553539276	50	0
2.5520000457764	0.071581423282623	0.99041801691055	50	0
2.5529999732971	0.072566710412502	0.99036175012589	50	0
2.5539999008179	0.073550686240196	0.99030643701553	50	0
2.5550000667572	0.074533812701702	0.99025201797485	50	0
2.555999994278	0.075515158474445	0.99019867181778	50	0
2.5569999217987	0.076495684683323	0.99014633893967	50	0
2.558000087738	0.077475368976593	0.99009495973587	50	0
2.5590000152588	0.078454710543156	0.99004447460175	50	0
2.5599999427795	0.079432755708694	0.98999506235123	50	0
2.5610001087189	0.080409973859787	0.98994642496109	50	0
2.5620000362396	0.081386849284172	0.98989862203598	50	0
2.5629999637604	0.082363396883011	0.98985183238983	50	0
2.5639998912811	0.083339110016823	0.98980563879013	50	0
2.5650000572205	0.084314972162247	0.98976027965546	50	0
2.5659999847412	0.085290484130383	0.98971563577652	50	0
2.566999912262	0.086266130208969	0.98967158794403	50	0
2.5680000782013	0.087241441011429	0.98962813615799	50	0
2.569000005722	0.088216871023178	0.98958516120911	50	0
2.5699999332428	0.089192435145378	0.98954278230667	50	0
2.5710000991821	0.090168125927448	0.9895007610321	50	0
2.5720000267029	0.091143928468227	0.98945897817612	50	0
2.5729999542236	0.092120341956615	0.98941761255264	50	0
2.5739998817444	0.093097329139709	0.98937612771988	50	0
2.5750000476837	0.094074435532093	0.98933500051498	50	0
2.5759999752045	0.09505258500576	0.98929381370544	50	0
2.5769999027252	0.096030846238136	0.98925250768661	50	0
2.5780000686646	0.097009658813477	0.9892110824585	50	0
2.5789999961853	0.097989045083523	0.9891694188118	50	0
2.5799999237061	0.098969452083111	0.98912739753723	50	0
2.5810000896454	0.099950879812241	0.98908495903015	50	0
2.5820000171661	0.10093190521002	0.98904210329056	50	0
2.5829999446869	0.10191486030817	0.98899841308594	50	0
2.5840001106262	0.10289786756039	0.98895424604416	50	0
2.585000038147	0.1038827970624	0.98890906572342	50	0
2.5859999656677	0.10486730188131	0.9888631105423	50	0
2.5869998931885	0.10585369169712	0.98881602287292	50	0
2.5880000591278	0.10684056580067	0.98876792192459	50	0
2.5889999866486	0.10782790184021	0.98871868848801	50	0
2.5899999141693	0.10881616920233	0.98866808414459	50	0
2.5910000801086	0.10980582982302	0.98861598968506	50	0
2.5920000076294	0.1107959151268	0.98856264352798	50	0
2.5929999351501	0.11178688704967	0.98850750923157	50	0
2.5940001010895	0.11277825385332	0.98845064640045	50	0
2.5950000286102	0.11377096921206	0.98839217424393	50	0
2.595999956131	0.11476405709982	0.98833179473877	50	0
2.5969998836517	0.11575797200203	0.98826944828033	50	0
2.5980000495911	0.11675224453211	0.98820507526398	50	0
2.5989999771118	0.11774731427431	0.98813849687576	50	0
2.5999999046326	0.11874317377806	0.98806971311569	50	0
2.6010000705719	0.11973886936903	0.98799872398376	50	0
2.6019999980927	0.12073532491922	0.9879252910614	50	0
2.6029999256134	0.12173206359148	0.9878494143486	50	0
2.6040000915527	0.1227290481329	0.98777109384537	50	0
2.6050000190735	0.12372627854347	0.98769009113312	50	0
2.6059999465942	0.12472349405289	0.98760640621185	50	0
2.6070001125336	0.12572093307972	0.98752015829086	50	0
2.6080000400543	0.12671834230423	0.98743104934692	50	0
2.6089999675751	0.12771545350552	0.98733907938004	50	0
2.6099998950958	0.1287127584219	0.9872442483902	50	0
2.6110000610352	0.12970927357674	0.98714643716812	50	0
2.6119999885559	0.13070592284203	0.9870457649231	50	0
2.6129999160767	0.13170176744461	0.9869419336319	50	0
2.614000082016	0.13269701600075	0.9868351817131	50	0
2.6150000095367	0.13369190692902	0.98672538995743	50	0
2.6159999370575	0.13468569517136	0.98661237955093	50	0
2.6170001029968	0.13567864894867	0.9864963889122	50	0
2.6180000305176	0.13667070865631	0.98637723922729	50	0
2.6189999580383	0.13766165077686	0.98625487089157	50	0
2.6199998855591	0.13865169882774	0.98612952232361	50	0
2.6210000514984	0.13964015245438	0.98600089550018	50	0
2.6219999790192	0.14062720537186	0.98586910963058	50	0
2.6229999065399	0.14161287248135	0.98573422431946	50	0
2.6240000724792	0.14259667694569	0.98559635877609	50	0
2.625	0.14357906579971	0.98545533418655	50	0
2.6259999275208	0.14455957710743	0.98531121015549	50	0
2.6270000934601	0.14553819596767	0.98516404628754	50	0
2.6280000209808	0.14651492238045	0.98501396179199	50	0
2.6289999485016	0.14748927950859	0.98486089706421	50	0
2.6300001144409	0.14846149086952	0.98470485210419	50	0
2.6310000419617	0.14943134784698	0.98454612493515	50	0
2.6319999694824	0.1503990739584	0.98438441753387	50	0
2.6329998970032	0.15136393904686	0.98422008752823	50	0
2.6340000629425	0.15232643485069	0.98405313491821	50	0
2.6349999904633	0.15328633785248	0.98388332128525	50	0
2.635999917984	0.15424339473248	0.98371124267578	50	0
2.6370000839233	0.15519784390926	0.9835364818573	50	0
2.6380000114441	0.15614899992943	0.98335951566696	50	0
2.6389999389648	0.15709732472897	0.98318016529083	50	0
2.6400001049042	0.1580423861742	0.98299866914749	50	0
2.6410000324249	0.15898460149765	0.98281496763229	50	0
2.6419999599457	0.15992358326912	0.98262947797775	50	0
2.6429998874664	0.16085928678513	0.982441842556	50	0
2.6440000534058	0.16179172694683	0.9822524189949	50	0
2.6449999809265	0.16272093355656	0.98206144571304	50	0
2.6459999084473	0.16364644467831	0.98186868429184	50	0
2.6470000743866	0.16456873714924	0.98167455196381	50	0
2.6480000019073	0.16548734903336	0.98147892951965	50	0
2.6489999294281	0.16640256345272	0.98128223419189	50	0
2.6500000953674	0.16731435060501	0.98108422756195	50	0
2.6510000228882	0.16822253167629	0.98088526725769	50	0
2.6519999504089	0.16912710666656	0.9806854724884	50	0
2.6530001163483	0.17002831399441	0.98048478364944	50	0
2.654000043869	0.17092572152615	0.98028343915939	50	0
2.6549999713898	0.17181956768036	0.98008155822754	50	0
2.6559998989105	0.17270989716053	0.97987931966782	50	0
2.6570000648499	0.1735966950655	0.97967666387558	50	0
2.6579999923706	0.17447979748249	0.97947388887405	50	0
2.6589999198914	0.17535941302776	0.97927093505859	50	0
2.6600000858307	0.17623582482338	0.97906827926636	50	0
2.6610000133514	0.1771085858345	0.97886568307877	50	0
2.6619999408722	0.17797794938087	0.9786633849144	50	0
2.6630001068115	0.17884393036366	0.97846156358719	50	0
2.6640000343323	0.17970654368401	0.97826021909714	50	0
2.664999961853	0.18056607246399	0.97805958986282	50	0
2.6659998893738	0.18142229318619	0.97785955667496	50	0
2.6670000553131	0.18227571249008	0.97766053676605	50	0
2.6679999828339	0.1831256300211	0.97746247053146	50	0
2.6689999103546	0.18397276103497	0.97726547718048	50	0
2.6700000762939	0.18481694161892	0.97706961631775	50	0
2.6710000038147	0.18565838038921	0.9768750667572	50	0
2.6719999313354	0.18649715185165	0.97668194770813	50	0
2.6730000972748	0.18733321130276	0.97649013996124	50	0
2.6740000247955	0.18816690146923	0.97630000114441	50	0
2.6749999523163	0.18899816274643	0.97611141204834	50	0
2.6760001182556	0.189827054739	0.97592449188232	50	0
2.6770000457764	0.19065360724926	0.97573935985565	50	0
2.6779999732971	0.19147805869579	0.97555607557297	50	0
2.6789999008179	0.19230090081692	0.97537463903427	50	0
2.6800000667572	0.1931216865778	0.97519528865814	50	0
2.680999994278	0.19394090771675	0.97501784563065	50	0
2.6819999217987	0.19475835561752	0.97484236955643	50	0
2.683000087738	0.19557426869869	0.97466915845871	50	0
2.6840000152588	0.19638912379742	0.97449791431427	50	0
2.6849999427795	0.19720271229744	0.97432881593704	50	0
2.6860001087189	0.19801504909992	0.97416198253632	50	0
2.6870000362396	0.1988268494606	0.9739972949028	50	0
2.6879999637604	0.19963765144348	0.97383487224579	50	0
2.6889998912811	0.20044772326946	0.97367453575134	50	0
2.6900000572205	0.20125725865364	0.97351640462875	50	0
2.6909999847412	0.20206655561924	0.97336047887802	50	0
2.691999912262	0.20287558436394	0.97320675849915	50	0
2.6930000782013	0.2036846280098	0.97305506467819	50	0
2.694000005722	0.20449364185333	0.97290563583374	50	0
2.6949999332428	0.20530287921429	0.97275817394257	50	0
2.6960000991821	0.20611235499382	0.9726128578186	50	0
2.6970000267029	0.20692230761051	0.97246944904327	50	0
2.6979999542236	0.2077327221632	0.97232806682587	50	0
2.6989998817444	0.20854407548904	0.9721884727478	50	0
2.7000000476837	0.20935589075089	0.97205078601837	50	0
2.7009999752045	0.21016907691956	0.97191476821899	50	0
2.7019999027252	0.21098321676254	0.97178053855896	50	0
2.7030000686646	0.21179848909378	0.97164785861969	50	0
2.7039999961853	0.21261513233185	0.97151666879654	50	0
2.7049999237061	0.21343311667442	0.97138667106628	50	0
2.7060000896454	0.21425271034241	0.97125822305679	50	0
2.7070000171661	0.21507385373116	0.97113090753555	50	0
2.7079999446869	0.21589680016041	0.97100466489792	50	0
2.7090001106262	0.21672151982784	0.97087943553925	50	0
2.710000038147	0.21754822134972	0.97075510025024	50	0
2.7109999656677	0.21837665140629	0.97063136100769	50	0
2.7119998931885	0.21920749545097	0.97050821781158	50	0
2.7130000591278	0.22004050016403	0.97038567066193	50	0
2.7139999866486	0.22087542712688	0.97026342153549	50	0
2.7149999141693	0.22171270847321	0.97014141082764	50	0
2.7160000801086	0.22255228459835	0.97001945972443	50	0
2.7170000076294	0.22339417040348	0.96989738941193	50	0
2.7179999351501	0.22423855960369	0.96977508068085	50	0
2.7190001010895	0.22508542239666	0.96965235471725	50	0
2.7200000286102	0.22593446075916	0.96952921152115	50	0
2.720999956131	0.22678618133068	0.96940523386002	50	0
2.7219998836517	0.22764027118683	0.96928054094315	50	0
2.7230000495911	0.22849716246128	0.96915489435196	50	0
2.7239999771118	0.22935636341572	0.96902799606323	50	0
2.7249999046326	0.23021784424782	0.96889990568161	50	0
2.7260000705719	0.23108202219009	0.96877026557922	50	0
2.7269999980927	0.23194840550423	0.96863901615143	50	0
2.7279999256134	0.23281741142273	0.96850603818893	50	0
2.7290000915527	0.23368853330612	0.96837109327316	50	0
2.7300000190735	0.23456200957298	0.96823418140411	50	0
2.7309999465942	0.23543775081635	0.96809500455856	50	0
2.7320001125336	0.2363159507513	0.96795338392258	50	0
2.7330000400543	0.2371961325407	0.9678093791008	50	0
2.7339999675751	0.23807801306248	0.96766269207001	50	0
2.7349998950958	0.23896223306656	0.96751314401627	50	0
2.7360000610352	0.23984830081463	0.96736073493958	50	0
2.7369999885559	0.24073618650436	0.96720522642136	50	0
2.7379999160767	0.24162538349628	0.96704661846161	50	0
2.739000082016	0.24251627922058	0.96688461303711	50	0
2.7400000095367	0.24340885877609	0.96671915054321	50	0
2.7409999370575	0.24430264532566	0.96655023097992	50	0
2.7420001029968	0.24519756436348	0.96637755632401	50	0
2.7430000305176	0.24609357118607	0.96620118618011	50	0
2.7439999580383	0.24699066579342	0.96602094173431	50	0
2.7449998855591	0.24788831174374	0.9658368229866	50	0
2.7460000514984	0.24878694117069	0.96564865112305	50	0
2.7469999790192	0.24968560039997	0.96545624732971	50	0
2.7479999065399	0.25058472156525	0.96525979042053	50	0
2.7490000724792	0.25148424506187	0.96505898237228	50	0
2.75	0.2523835003376	0.9648540019989	50	0
2.7509999275208	0.25328263640404	0.96464461088181	50	0
2.7520000934601	0.25418135523796	0.964430809021	50	0
2.7530000209808	0.25507974624634	0.96421259641647	50	0
2.7539999485016	0.25597742199898	0.96399009227753	50	0
2.7550001144409	0.25687399506569	0.96376293897629	50	0
2.7560000419617	0.25776961445808	0.96353137493134	50	0
2.7569999694824	0.25866404175758	0.96329534053802	50	0
2.7579998970032	0.25955703854561	0.96305477619171	50	0
2.7590000629425	0.26044836640358	0.96280992031097	50	0
2.7599999904633	0.26133796572685	0.96256053447723	50	0
2.760999917984	0.26222559809685	0.96230667829514	50	0
2.7620000839233	0.26311105489731	0.9620486497879	50	0
2.7630000114441	0.26399430632591	0.96178621053696	50	0
2.7639999389648	0.26487490534782	0.96151953935623	50	0
2.7650001049042	0.2657527923584	0.96124881505966	50	0
2.7660000324249	0.26662755012512	0.96097391843796	50	0
2.7669999599457	0.26749986410141	0.96069502830505	50	0
2.7679998874664	0.26836860179901	0.96041226387024	50	0
2.7690000534058	0.26923397183418	0.9601257443428	50	0
2.7699999809265	0.27009600400925	0.95983546972275	50	0
2.7709999084473	0.27095398306847	0.95954173803329	50	0
2.7720000743866	0.27180862426758	0.9592444896698	50	0
2.7730000019073	0.27265879511833	0.95894396305084	50	0
2.7739999294281	0.27350500226021	0.95864027738571	50	0
2.7750000953674	0.27434724569321	0.9583335518837	50	0
2.7760000228882	0.27518466114998	0.95802402496338	50	0
2.7769999504089	0.27601766586304	0.95771181583405	50	0
2.7780001163483	0.27684634923935	0.95739698410034	50	0
2.779000043869	0.27766972780228	0.95707982778549	50	0
2.7799999713898	0.27848893404007	0.95676064491272	50	0
2.7809998989105	0.27930268645287	0.95643937587738	50	0
2.7820000648499	0.28011161088943	0.95611637830734	50	0
2.7829999923706	0.2809154689312	0.95579189062119	50	0
2.7839999198914	0.2817140519619	0.9554660320282	50	0
2.7850000858307	0.28250741958618	0.95513892173767	50	0
2.7860000133514	0.28329586982727	0.95481085777283	50	0
2.7869999408722	0.28407850861549	0.9544820189476	50	0
2.7880001068115	0.28485614061356	0.95415282249451	50	0
2.7890000343323	0.28562852740288	0.95382314920425	50	0
2.789999961853	0.28639507293701	0.953493475914	50	0
2.7909998893738	0.2871567606926	0.95316404104233	50	0
2.7920000553131	0.28791293501854	0.95283484458923	50	0
2.7929999828339	0.28866392374039	0.95250636339188	50	0
2.7939999103546	0.2894092798233	0.95217859745026	50	0
2.7950000762939	0.29014983773232	0.9518518447876	50	0
2.7960000038147	0.29088494181633	0.95152652263641	50	0
2.7969999313354	0.29161486029625	0.95120257139206	50	0
2.7980000972748	0.29233971238136	0.95088040828705	50	0
2.7990000247955	0.29305976629257	0.95056015253067	50	0
2.7999999523163	0.29377490282059	0.95024210214615	50	0
2.8010001182556	0.29448512196541	0.94992631673813	50	0
2.8020000457764	0.29519101977348	0.94961315393448	50	0
2.8029999732971	0.29589197039604	0.94930279254913	50	0
2.8039999008179	0.29658895730972	0.94899535179138	50	0
2.8050000667572	0.2972814142704	0.94869118928909	50	0
2.805999994278	0.29796999692917	0.94839024543762	50	0
2.8069999217987	0.29865458607674	0.94809299707413	50	0
2.808000087738	0.29933574795723	0.94779932498932	50	0
2.8090000152588	0.30001309514046	0.94750958681107	50	0
2.8099999427795	0.30068716406822	0.94722390174866	50	0
2.8110001087189	0.30135795474052	0.94694250822067	50	0
2.8120000362396	0.30202606320381	0.94666528701782	50	0
2.8129999637604	0.30269107222557	0.94639265537262	50	0
2.8139998912811	0.3033539056778	0.94612467288971	50	0
2.8150000572205	0.30401429533958	0.94586139917374	50	0
2.8159999847412	0.30467307567596	0.94560289382935	50	0
2.816999912262	0.30532994866371	0.94534933567047	50	0
2.8180000782013	0.30598491430283	0.94510078430176	50	0
2.819000005722	0.30663895606995	0.9448573589325	50	0
2.8199999332428	0.30729216337204	0.94461905956268	50	0
2.8210000991821	0.3079442679882	0.94438588619232	50	0
2.8220000267029	0.30859607458115	0.94415789842606	50	0
2.8229999542236	0.30924785137177	0.94393527507782	50	0
2.8239998817444	0.30989980697632	0.94371777772903	50	0
2.8250000476837	0.31055152416229	0.94350588321686	50	0
2.8259999752045	0.31120491027832	0.94329869747162	50	0
2.8269999027252	0.31185814738274	0.94309729337692	50	0
2.8280000686646	0.31251314282417	0.94290089607239	50	0
2.8289999961853	0.31317022442818	0.94270938634872	50	0
2.8299999237061	0.31382811069489	0.94252318143845	50	0
2.8310000896454	0.3144882619381	0.94234192371368	50	0
2.8320000171661	0.31515100598335	0.94216555356979	50	0
2.8329999446869	0.31581646203995	0.94199395179749	50	0
2.8340001106262	0.31648409366608	0.9418271780014	50	0
2.835000038147	0.31715574860573	0.94166457653046	50	0
2.8359999656677	0.31783005595207	0.94150674343109	50	0
2.8369998931885	0.31850838661194	0.94135302305222	50	0
2.8380000591278	0.31919112801552	0.94120317697525	50	0
2.8389999866486	0.3198769390583	0.94105756282806	50	0
2.8399999141693	0.32056799530983	0.94091534614563	50	0
2.8410000801086	0.32126298546791	0.94077688455582	50	0
2.8420000076294	0.32196366786957	0.94064146280289	50	0
2.8429999351501	0.32266861200333	0.94050920009613	50	0
2.8440001010895	0.32337915897369	0.94037973880768	50	0
2.8450000286102	0.32409566640854	0.94025248289108	50	0
2.845999956131	0.32481721043587	0.94012773036957	50	0
2.8469998836517	0.32554417848587	0.94000512361526	50	0
2.8480000495911	0.32627791166306	0.93988394737244	50	0
2.8489999771118	0.32701736688614	0.93976426124573	50	0
2.8499999046326	0.32776293158531	0.93964570760727	50	0
2.8510000705719	0.32851508259773	0.93952810764313	50	0
2.8519999980927	0.32927358150482	0.93941086530685	50	0
2.8529999256134	0.33003890514374	0.93929368257523	50	0
2.8540000915527	0.33081051707268	0.9391764998436	50	0
2.8550000190735	0.3315891623497	0.93905860185623	50	0
2.8559999465942	0.33237433433533	0.93894004821777	50	0
2.8570001125336	0.33316594362259	0.93882048130035	50	0
2.8580000400543	0.33396476507187	0.93869912624359	50	0
2.8589999675751	0.33477026224136	0.93857598304749	50	0
2.8599998950958	0.33558228611946	0.93845051527023	50	0
2.8610000610352	0.33640167117119	0.93832236528397	50	0
2.8619999885559	0.33722737431526	0.93819147348404	50	0
2.8629999160767	0.33805930614471	0.93805736303329	50	0
2.864000082016	0.33889824151993	0.93791943788528	50	0
2.8650000095367	0.33974355459213	0.93777757883072	50	0
2.8659999370575	0.34059518575668	0.9376312494278	50	0
2.8670001029968	0.34145295619965	0.93748027086258	50	0
2.8680000305176	0.34231722354889	0.93732404708862	50	0
2.8689999580383	0.34318694472313	0.93716263771057	50	0
2.8699998855591	0.34406197071075	0.93699562549591	50	0
2.8710000514984	0.34494265913963	0.93682253360748	50	0
2.8719999790192	0.34582880139351	0.93664294481277	50	0
2.8729999065399	0.3467198908329	0.9364567399025	50	0
2.8740000724792	0.34761622548103	0.93626344203949	50	0
2.875	0.34851628541946	0.9360631108284	50	0
2.8759999275208	0.3494208753109	0.93585526943207	50	0
2.8770000934601	0.35032913088799	0.93563938140869	50	0
2.8780000209808	0.35124120116234	0.9354156255722	50	0
2.8789999485016	0.35215651988983	0.93518352508545	50	0
2.8800001144409	0.35307484865189	0.9349427819252	50	0
2.8810000419617	0.35399553179741	0.93469345569611	50	0
2.8819999694824	0.35491877794266	0.934435069561	50	0
2.8829998970032	0.35584381222725	0.93416750431061	50	0
2.8840000629425	0.35677009820938	0.93389070034027	50	0
2.8849999904633	0.35769751667976	0.93360459804535	50	0
2.885999917984	0.35862568020821	0.93330860137939	50	0
2.8870000839233	0.35955384373665	0.93300306797028	50	0
2.8880000114441	0.36048185825348	0.93268775939941	50	0
2.8889999389648	0.3614094555378	0.93236249685287	50	0
2.8900001049042	0.3623358309269	0.9320273399353	50	0
2.8910000324249	0.36326068639755	0.93168222904205	50	0
2.8919999599457	0.36418369412422	0.93132710456848	50	0
2.8929998874664	0.36510407924652	0.93096202611923	50	0
2.8940000534058	0.36602160334587	0.93058693408966	50	0
2.8949999809265	0.3669359087944	0.93020206689835	50	0
2.8959999084473	0.36784625053406	0.92980718612671	50	0
2.8970000743866	0.3687524497509	0.92940258979797	50	0
2.8980000019073	0.36965394020081	0.92898845672607	50	0
2.8989999294281	0.37055024504662	0.92856478691101	50	0
2.9000000953674	0.37144070863724	0.92813181877136	50	0
