CST XY Data Exchange Format V2

Title    = S-Parameters
Xlabel   = Frequency / GHz
Ylabel   = dB

Curvelabel          = S1,1
Filename            = ^cS1(1)1(1).sig
Npoints             = 1001
Type                = 8
Subtype             = 16
Result type         = complex:none;impedance
View type           = Cartesian
Plot type           = Magnitude dB
Data/Title          = S-Parameters
X/Label             = Frequency
X/Unit              = GHz
Y/Unit              = 
Y/Logfactor         = 20
Plot/wrapHeuristics = 0

1	0.96904414892197	-0.24684803187847	50	0
1.00100004673	0.96898263692856	-0.24708858132362	50	0
1.0019999742508	0.96892106533051	-0.24732910096645	50	0
1.0030000209808	0.96885949373245	-0.24756962060928	50	0
1.0039999485016	0.96879780292511	-0.24781009554863	50	0
1.0049999952316	0.96873611211777	-0.24805055558681	50	0
1.0060000419617	0.96867436170578	-0.248291015625	50	0
1.0069999694824	0.96861243247986	-0.24853146076202	50	0
1.0080000162125	0.96855062246323	-0.24877187609673	50	0
1.0089999437332	0.96848857402802	-0.24901227653027	50	0
1.0099999904633	0.96842670440674	-0.24925267696381	50	0
1.0110000371933	0.96836459636688	-0.24949303269386	50	0
1.0119999647141	0.96830248832703	-0.24973340332508	50	0
1.0130000114441	0.96824032068253	-0.24997372925282	50	0
1.0140000581741	0.96817809343338	-0.25021404027939	50	0
1.0149999856949	0.96811592578888	-0.25045436620712	50	0
1.0160000324249	0.96805363893509	-0.25069469213486	50	0
1.0169999599457	0.96799129247665	-0.25093492865562	50	0
1.0180000066757	0.96792888641357	-0.25117522478104	50	0
1.0190000534058	0.96786642074585	-0.25141543149948	50	0
1.0199999809265	0.96780383586884	-0.25165566802025	50	0
1.0210000276566	0.96774137020111	-0.25189590454102	50	0
1.0219999551773	0.96767872571945	-0.25213608145714	50	0
1.0230000019073	0.96761608123779	-0.25237628817558	50	0
1.0240000486374	0.96755331754684	-0.25261646509171	50	0
1.0249999761581	0.9674905538559	-0.25285661220551	50	0
1.0260000228882	0.96742767095566	-0.25309675931931	50	0
1.0269999504089	0.96736478805542	-0.25333687663078	50	0
1.027999997139	0.96730184555054	-0.25357699394226	50	0
1.029000043869	0.96723884344101	-0.25381711125374	50	0
1.0299999713898	0.96717578172684	-0.25405719876289	50	0
1.0310000181198	0.96711266040802	-0.25429725646973	50	0
1.0319999456406	0.96704941987991	-0.25453728437424	50	0
1.0329999923706	0.9669862985611	-0.25477731227875	50	0
1.0340000391006	0.96692305803299	-0.25501734018326	50	0
1.0349999666214	0.96685969829559	-0.25525736808777	50	0
1.0360000133514	0.9667963385582	-0.25549736618996	50	0
1.0369999408722	0.96673285961151	-0.25573736429214	50	0
1.0379999876022	0.96666938066483	-0.25597730278969	50	0
1.0390000343323	0.96660584211349	-0.25621727108955	50	0
1.039999961853	0.96654230356216	-0.2564572095871	50	0
1.0410000085831	0.9664785861969	-0.25669717788696	50	0
1.0420000553131	0.96641486883163	-0.25693705677986	50	0
1.0429999828339	0.96635115146637	-0.25717696547508	50	0
1.0440000295639	0.96628731489182	-0.2574168741703	50	0
1.0449999570847	0.96622347831726	-0.25765672326088	50	0
1.0460000038147	0.96615952253342	-0.25789660215378	50	0
1.0470000505447	0.96609556674957	-0.25813642144203	50	0
1.0479999780655	0.96603149175644	-0.25837627053261	50	0
1.0490000247955	0.96596741676331	-0.25861608982086	50	0
1.0499999523163	0.96590328216553	-0.25885587930679	50	0
1.0509999990463	0.96583896875381	-0.25909566879272	50	0
1.0520000457764	0.96577477455139	-0.25933542847633	50	0
1.0529999732971	0.96571046113968	-0.25957521796227	50	0
1.0540000200272	0.96564608812332	-0.25981491804123	50	0
1.0549999475479	0.96558165550232	-0.26005470752716	50	0
1.055999994278	0.96551710367203	-0.2602943778038	50	0
1.057000041008	0.96545261144638	-0.26053407788277	50	0
1.0579999685287	0.9653879404068	-0.26077377796173	50	0
1.0590000152588	0.96532332897186	-0.2610134780407	50	0
1.0599999427795	0.96525859832764	-0.26125314831734	50	0
1.0609999895096	0.96519380807877	-0.26149278879166	50	0
1.0620000362396	0.96512895822525	-0.26173242926598	50	0
1.0629999637604	0.96506404876709	-0.2619720697403	50	0
1.0640000104904	0.96499907970428	-0.26221165060997	50	0
1.0650000572205	0.96493411064148	-0.26245129108429	50	0
1.0659999847412	0.96486902236938	-0.26269081234932	50	0
1.0670000314713	0.96480393409729	-0.26293042302132	50	0
1.067999958992	0.96473878622055	-0.26316967606544	50	0
1.069000005722	0.96467357873917	-0.26340940594673	50	0
1.0700000524521	0.96460825204849	-0.2636491060257	50	0
1.0709999799728	0.96454280614853	-0.26388874650002	50	0
1.0720000267029	0.96447736024857	-0.26412841677666	50	0
1.0729999542236	0.9644119143486	-0.26436758041382	50	0
1.0740000009537	0.96434640884399	-0.26460719108582	50	0
1.0750000476837	0.96428084373474	-0.26484632492065	50	0
1.0759999752045	0.9642151594162	-0.26508590579033	50	0
1.0770000219345	0.9641495347023	-0.26532503962517	50	0
1.0779999494553	0.96408355236053	-0.26556506752968	50	0
1.0789999961853	0.96401786804199	-0.26580408215523	50	0
1.0800000429153	0.96395194530487	-0.26604345440865	50	0
1.0809999704361	0.96388602256775	-0.26628279685974	50	0
1.0820000171661	0.96381992101669	-0.26652213931084	50	0
1.0829999446869	0.96375393867493	-0.26676151156425	50	0
1.0839999914169	0.96368777751923	-0.26700079441071	50	0
1.085000038147	0.96362167596817	-0.2672401368618	50	0
1.0859999656677	0.96355539560318	-0.26747938990593	50	0
1.0870000123978	0.96348911523819	-0.2677187025547	50	0
1.0880000591278	0.96342277526855	-0.26795795559883	50	0
1.0889999866486	0.96335631608963	-0.26819720864296	50	0
1.0900000333786	0.96328973770142	-0.26843646168709	50	0
1.0909999608994	0.96322321891785	-0.26867568492889	50	0
1.0920000076294	0.96315664052963	-0.26891484856606	50	0
1.0930000543594	0.96309000253677	-0.26915404200554	50	0
1.0939999818802	0.96302330493927	-0.2693932056427	50	0
1.0950000286102	0.96295648813248	-0.26963236927986	50	0
1.095999956131	0.96288973093033	-0.2698715031147	50	0
1.097000002861	0.9628227353096	-0.27011060714722	50	0
1.0980000495911	0.96275579929352	-0.27034968137741	50	0
1.0989999771118	0.96268880367279	-0.27058881521225	50	0
1.1000000238419	0.96262168884277	-0.27082788944244	50	0
1.1009999513626	0.96255457401276	-0.27106693387032	50	0
1.1019999980927	0.96248733997345	-0.27130600810051	50	0
1.1030000448227	0.96242010593414	-0.27154502272606	50	0
1.1039999723434	0.96235275268555	-0.27178403735161	50	0
1.1050000190735	0.96228539943695	-0.27202302217484	50	0
1.1059999465942	0.96221792697906	-0.27226197719574	50	0
1.1069999933243	0.96215039491653	-0.27250093221664	50	0
1.1080000400543	0.962082862854	-0.27273991703987	50	0
1.1089999675751	0.96201527118683	-0.27297884225845	50	0
1.1100000143051	0.96194750070572	-0.27321776747704	50	0
1.1109999418259	0.9618798494339	-0.27345660328865	50	0
1.1119999885559	0.9618119597435	-0.27369552850723	50	0
1.1130000352859	0.96174418926239	-0.27393439412117	50	0
1.1139999628067	0.9616761803627	-0.27417322993279	50	0
1.1150000095367	0.96160817146301	-0.2744120657444	50	0
1.1160000562668	0.96154010295868	-0.27465087175369	50	0
1.1169999837875	0.96147203445435	-0.27488967776299	50	0
1.1180000305176	0.96140384674072	-0.27512842416763	50	0
1.1189999580383	0.96133559942245	-0.2753672003746	50	0
1.1200000047684	0.96126735210419	-0.27560591697693	50	0
1.1210000514984	0.96119898557663	-0.27584466338158	50	0
1.1219999790192	0.96113055944443	-0.2760833799839	50	0
1.1230000257492	0.96106207370758	-0.27632203698158	50	0
1.12399995327	0.96099346876144	-0.27656075358391	50	0
1.125	0.96092492341995	-0.27679938077927	50	0
1.12600004673	0.96085631847382	-0.27703803777695	50	0
1.1269999742508	0.96078759431839	-0.27727663516998	50	0
1.1280000209808	0.96071875095367	-0.27751523256302	50	0
1.1289999485016	0.96064978837967	-0.27775385975838	50	0
1.1299999952316	0.9605810046196	-0.27799242734909	50	0
1.1310000419617	0.9605119228363	-0.2782309949398	50	0
1.1319999694824	0.96044301986694	-0.27846950292587	50	0
1.1330000162125	0.960373878479	-0.27870801091194	50	0
1.1339999437332	0.96030473709106	-0.27894648909569	50	0
1.1349999904633	0.96023547649384	-0.27918496727943	50	0
1.1360000371933	0.96016621589661	-0.27942344546318	50	0
1.1369999647141	0.96009689569473	-0.27966180443764	50	0
1.1380000114441	0.96002751588821	-0.27990031242371	50	0
1.1390000581741	0.95995807647705	-0.28013867139816	50	0
1.1399999856949	0.9598885178566	-0.28037706017494	50	0
1.1410000324249	0.95981901884079	-0.28061544895172	50	0
1.1419999599457	0.95974934101105	-0.28085374832153	50	0
1.1430000066757	0.9596796631813	-0.28109207749367	50	0
1.1440000534058	0.95960998535156	-0.2813304066658	50	0
1.1449999809265	0.95954006910324	-0.28156867623329	50	0
1.1460000276566	0.95947027206421	-0.2818069756031	50	0
1.1469999551773	0.9594002366066	-0.28204518556595	50	0
1.1480000019073	0.95933026075363	-0.28228342533112	50	0
1.1490000486374	0.95926010608673	-0.28252163529396	50	0
1.1499999761581	0.95919001102448	-0.28275984525681	50	0
1.1510000228882	0.95911979675293	-0.28299796581268	50	0
1.1519999504089	0.95904952287674	-0.28323611617088	50	0
1.152999997139	0.95897930860519	-0.28347429633141	50	0
1.154000043869	0.95890885591507	-0.28371238708496	50	0
1.1549999713898	0.95883852243423	-0.28395050764084	50	0
1.1560000181198	0.95876801013947	-0.28418856859207	50	0
1.1569999456406	0.95869737863541	-0.2844266295433	50	0
1.1579999923706	0.95862686634064	-0.28466466069221	50	0
1.1590000391006	0.95855617523193	-0.28490269184113	50	0
1.1599999666214	0.95848536491394	-0.28514066338539	50	0
1.1610000133514	0.95841455459595	-0.28537863492966	50	0
1.1619999408722	0.95834374427795	-0.2856165766716	50	0
1.1629999876022	0.95827287435532	-0.28585451841354	50	0
1.1640000343323	0.95820188522339	-0.28609246015549	50	0
1.164999961853	0.95813077688217	-0.28633034229279	50	0
1.1660000085831	0.95805966854095	-0.28656819462776	50	0
1.1670000553131	0.95798850059509	-0.28680604696274	50	0
1.1679999828339	0.95791739225388	-0.28704389929771	50	0
1.1690000295639	0.95784610509872	-0.28728172183037	50	0
1.1699999570847	0.95777475833893	-0.28751945495605	50	0
1.1710000038147	0.95770335197449	-0.28775724768639	50	0
1.1720000505447	0.95763182640076	-0.28799504041672	50	0
1.1729999780655	0.95756036043167	-0.28823271393776	50	0
1.1740000247955	0.9574887752533	-0.28847044706345	50	0
1.1749999523163	0.95741707086563	-0.28870815038681	50	0
1.1759999990463	0.95734536647797	-0.28894579410553	50	0
1.1770000457764	0.95727360248566	-0.28918343782425	50	0
1.1779999732971	0.95720183849335	-0.28942105174065	50	0
1.1790000200272	0.95712995529175	-0.28965869545937	50	0
1.1799999475479	0.95705807209015	-0.28989624977112	50	0
1.180999994278	0.95698601007462	-0.29013383388519	50	0
1.182000041008	0.95691388845444	-0.2903713285923	50	0
1.1829999685287	0.9568418264389	-0.29060885310173	50	0
1.1840000152588	0.95676964521408	-0.29084637761116	50	0
1.1849999427795	0.95669734477997	-0.29108384251595	50	0
1.1859999895096	0.9566251039505	-0.29132127761841	50	0
1.1870000362396	0.95655274391174	-0.29155877232552	50	0
1.1879999637604	0.9564802646637	-0.29179614782333	50	0
1.1890000104904	0.95640778541565	-0.29203355312347	50	0
1.1900000572205	0.9563353061676	-0.29227092862129	50	0
1.1909999847412	0.95626270771027	-0.29250830411911	50	0
1.1920000314713	0.956189930439	-0.29274556040764	50	0
1.192999958992	0.95611727237701	-0.29298287630081	50	0
1.194000005722	0.95604449510574	-0.29322016239166	50	0
1.1950000524521	0.95597159862518	-0.29345741868019	50	0
1.1959999799728	0.95589876174927	-0.2936946451664	50	0
1.1970000267029	0.95582580566406	-0.29393190145493	50	0
1.1979999542236	0.95575273036957	-0.29416906833649	50	0
1.1990000009537	0.95567965507507	-0.29440626502037	50	0
1.2000000476837	0.95560657978058	-0.29464343190193	50	0
1.2009999752045	0.95553338527679	-0.29488053917885	50	0
1.2020000219345	0.95546013116837	-0.29511764645576	50	0
1.2029999494553	0.95538687705994	-0.295354783535	50	0
1.2039999961853	0.95531344413757	-0.29559180140495	50	0
1.2050000429153	0.95524007081985	-0.29582887887955	50	0
1.2059999704361	0.9551665186882	-0.29606592655182	50	0
1.2070000171661	0.95509296655655	-0.29630291461945	50	0
1.2079999446869	0.95501929521561	-0.29653984308243	50	0
1.2089999914169	0.95494574308395	-0.29677680134773	50	0
1.210000038147	0.95487201213837	-0.29701375961304	50	0
1.2109999656677	0.95479816198349	-0.29725068807602	50	0
1.2120000123978	0.95472431182861	-0.29748758673668	50	0
1.2130000591278	0.95465046167374	-0.29772445559502	50	0
1.2139999866486	0.95457649230957	-0.29796129465103	50	0
1.2150000333786	0.95450240373611	-0.29819813370705	50	0
1.2159999608994	0.9544283747673	-0.29843494296074	50	0
1.2170000076294	0.9543542265892	-0.29867172241211	50	0
1.2180000543594	0.95428001880646	-0.29890847206116	50	0
1.2189999818802	0.95420581102371	-0.29914525151253	50	0
1.2200000286102	0.95413142442703	-0.29938194155693	50	0
1.220999956131	0.95405703783035	-0.29961863160133	50	0
1.222000002861	0.95398265123367	-0.29985529184341	50	0
1.2230000495911	0.95390820503235	-0.30009195208549	50	0
1.2239999771118	0.95383369922638	-0.30032861232758	50	0
1.2250000238419	0.95375907421112	-0.30056518316269	50	0
1.2259999513626	0.95368438959122	-0.30080178380013	50	0
1.2269999980927	0.95360970497131	-0.30103832483292	50	0
1.2280000448227	0.95353490114212	-0.30127489566803	50	0
1.2289999723434	0.95346009731293	-0.3015114068985	50	0
1.2300000190735	0.95338517427444	-0.30174788832664	50	0
1.2309999465942	0.95331025123596	-0.30198439955711	50	0
1.2319999933243	0.95323514938354	-0.30222082138062	50	0
1.2330000400543	0.95316010713577	-0.30245727300644	50	0
1.2339999675751	0.95308494567871	-0.30269366502762	50	0
1.2350000143051	0.95300978422165	-0.30293008685112	50	0
1.2359999418259	0.95293456315994	-0.30316641926765	50	0
1.2369999885559	0.95285922288895	-0.30340275168419	50	0
1.2380000352859	0.95278388261795	-0.3036390542984	50	0
1.2389999628067	0.95270848274231	-0.30387535691261	50	0
1.2400000095367	0.95263302326202	-0.3041116297245	50	0
1.2410000562668	0.95255756378174	-0.30434790253639	50	0
1.2419999837875	0.95248192548752	-0.30458414554596	50	0
1.2430000305176	0.9524062871933	-0.3048203587532	50	0
1.2439999580383	0.95233058929443	-0.3050565123558	50	0
1.2450000047684	0.95225477218628	-0.30529269576073	50	0
1.2460000514984	0.95217895507812	-0.30552884936333	50	0
1.2469999790192	0.95210313796997	-0.3057649731636	50	0
1.2480000257492	0.95202714204788	-0.30600103735924	50	0
1.24899995327	0.95195114612579	-0.30623713135719	50	0
1.25	0.9518751502037	-0.30647322535515	50	0
1.25100004673	0.95179903507233	-0.30670922994614	50	0
1.2519999742508	0.95172280073166	-0.30694526433945	50	0
1.2530000209808	0.95164662599564	-0.30718123912811	50	0
1.2539999485016	0.95157027244568	-0.30741721391678	50	0
1.2549999952316	0.95149403810501	-0.30765315890312	50	0
1.2560000419617	0.95141762495041	-0.30788907408714	50	0
1.2569999694824	0.95134121179581	-0.30812495946884	50	0
1.2580000162125	0.95126467943192	-0.30836084485054	50	0
1.2589999437332	0.95118814706802	-0.30859670042992	50	0
1.2599999904633	0.95111149549484	-0.30883255600929	50	0
1.2610000371933	0.95103478431702	-0.30906838178635	50	0
1.2619999647141	0.95095807313919	-0.30930417776108	50	0
1.2630000114441	0.95088124275208	-0.30953991413116	50	0
1.2640000581741	0.95080441236496	-0.3097757101059	50	0
1.2649999856949	0.9507275223732	-0.31001138687134	50	0
1.2660000324249	0.95065057277679	-0.31024712324142	50	0
1.2669999599457	0.9505735039711	-0.31048277020454	50	0
1.2680000066757	0.95049643516541	-0.31071844696999	50	0
1.2690000534058	0.95041924715042	-0.31095409393311	50	0
1.2699999809265	0.95034211874008	-0.3111897110939	50	0
1.2710000276566	0.9502649307251	-0.31142526865005	50	0
1.2719999551773	0.95018762350082	-0.31166088581085	50	0
1.2730000019073	0.95011025667191	-0.311896443367	50	0
1.2740000486374	0.95003283023834	-0.31213194131851	50	0
1.2749999761581	0.94995534420013	-0.31236746907234	50	0
1.2760000228882	0.94987779855728	-0.31260299682617	50	0
1.2769999504089	0.94980025291443	-0.31283843517303	50	0
1.277999997139	0.94972258806229	-0.3130738735199	50	0
1.279000043869	0.9496448636055	-0.31330928206444	50	0
1.2799999713898	0.94956713914871	-0.31354469060898	50	0
1.2810000181198	0.94948929548264	-0.31378009915352	50	0
1.2819999456406	0.94941145181656	-0.31401544809341	50	0
1.2829999923706	0.94933354854584	-0.31425076723099	50	0
1.2840000391006	0.94925552606583	-0.31448608636856	50	0
1.2849999666214	0.94917750358582	-0.31472137570381	50	0
1.2860000133514	0.94909936189651	-0.31495663523674	50	0
1.2869999408722	0.94902122020721	-0.31519189476967	50	0
1.2879999876022	0.94894301891327	-0.31542712450027	50	0
1.2890000343323	0.94886475801468	-0.31566229462624	50	0
1.289999961853	0.94878643751144	-0.31589752435684	50	0
1.2910000085831	0.94870805740356	-0.31613266468048	50	0
1.2920000553131	0.94862961769104	-0.31636780500412	50	0
1.2929999828339	0.94855117797852	-0.31660288572311	50	0
1.2940000295639	0.94847255945206	-0.31683799624443	50	0
1.2949999570847	0.94839400053024	-0.31707307696342	50	0
1.2960000038147	0.94831532239914	-0.31730815768242	50	0
1.2970000505447	0.94823652505875	-0.31754317879677	50	0
1.2979999780655	0.94815784692764	-0.31777822971344	50	0
1.2990000247955	0.9480789899826	-0.31801319122314	50	0
1.2999999523163	0.94800007343292	-0.31824815273285	50	0
1.3009999990463	0.94792109727859	-0.31848311424255	50	0
1.3020000457764	0.94784212112427	-0.31871804594994	50	0
1.3029999732971	0.94776302576065	-0.318952947855	50	0
1.3040000200272	0.94768399000168	-0.31918781995773	50	0
1.3049999475479	0.94760477542877	-0.31942269206047	50	0
1.305999994278	0.94752550125122	-0.31965753436089	50	0
1.307000041008	0.94744616746902	-0.3198923766613	50	0
1.3079999685287	0.94736689329147	-0.32012715935707	50	0
1.3090000152588	0.94728744029999	-0.32036194205284	50	0
1.3099999427795	0.9472079873085	-0.32059669494629	50	0
1.3109999895096	0.94712853431702	-0.32083141803741	50	0
1.3120000362396	0.94704896211624	-0.32106611132622	50	0
1.3129999637604	0.94696933031082	-0.32130083441734	50	0
1.3140000104904	0.9468896985054	-0.32153552770615	50	0
1.3150000572205	0.94680988788605	-0.32177019119263	50	0
1.3159999847412	0.94673013687134	-0.32200479507446	50	0
1.3170000314713	0.94665020704269	-0.32223942875862	50	0
1.317999958992	0.94657039642334	-0.32247400283813	50	0
1.319000005722	0.9464904665947	-0.32270857691765	50	0
1.3200000524521	0.94641035795212	-0.32294309139252	50	0
1.3209999799728	0.94633030891418	-0.32317763566971	50	0
1.3220000267029	0.94625020027161	-0.32341212034225	50	0
1.3229999542236	0.94616997241974	-0.32364663481712	50	0
1.3240000009537	0.94608968496323	-0.32388105988503	50	0
1.3250000476837	0.94600945711136	-0.32411551475525	50	0
1.3259999752045	0.9459291100502	-0.32434993982315	50	0
1.3270000219345	0.94584864377975	-0.32458433508873	50	0
1.3279999494553	0.94576811790466	-0.32481873035431	50	0
1.3289999961853	0.94568759202957	-0.32505309581757	50	0
1.3300000429153	0.94560706615448	-0.3252874314785	50	0
1.3309999704361	0.94552636146545	-0.32552173733711	50	0
1.3320000171661	0.94544565677643	-0.32575604319572	50	0
1.3329999446869	0.9453649520874	-0.32599028944969	50	0
1.3339999914169	0.94528412818909	-0.32622456550598	50	0
1.335000038147	0.94520324468613	-0.32645881175995	50	0
1.3359999656677	0.94512230157852	-0.32669302821159	50	0
1.3370000123978	0.94504129886627	-0.32692721486092	50	0
1.3380000591278	0.94496035575867	-0.32716137170792	50	0
1.3389999866486	0.94487917423248	-0.32739552855492	50	0
1.3400000333786	0.9447979927063	-0.32762962579727	50	0
1.3409999608994	0.94471681118011	-0.32786372303963	50	0
1.3420000076294	0.94463557004929	-0.32809782028198	50	0
1.3430000543594	0.94455426931381	-0.32833188772202	50	0
1.3439999818802	0.9444727897644	-0.32856592535973	50	0
1.3450000286102	0.94439148902893	-0.32879984378815	50	0
1.345999956131	0.94430994987488	-0.32903400063515	50	0
1.347000002861	0.94422852993011	-0.32926768064499	50	0
1.3480000495911	0.94414663314819	-0.3295022547245	50	0
1.3489999771118	0.94406509399414	-0.32973590493202	50	0
1.3500000238419	0.9439834356308	-0.32996952533722	50	0
1.3509999513626	0.94390165805817	-0.33020356297493	50	0
1.3519999980927	0.94381994009018	-0.3304371535778	50	0
1.3530000448227	0.94373780488968	-0.33067163825035	50	0
1.3539999723434	0.94365590810776	-0.33090516924858	50	0
1.3550000190735	0.9435738325119	-0.33113914728165	50	0
1.3559999465942	0.94349193572998	-0.33137267827988	50	0
1.3569999933243	0.94340991973877	-0.33160617947578	50	0
1.3580000400543	0.94332748651505	-0.33184054493904	50	0
1.3589999675751	0.94324535131454	-0.3320739865303	50	0
1.3600000143051	0.94316297769547	-0.33230778574944	50	0
1.3609999418259	0.94308060407639	-0.33254146575928	50	0
1.3619999885559	0.94299823045731	-0.33277508616447	50	0
1.3630000352859	0.94291573762894	-0.33300873637199	50	0
1.3639999628067	0.94283324480057	-0.33324238657951	50	0
1.3650000095367	0.94275063276291	-0.33347600698471	50	0
1.3660000562668	0.94266796112061	-0.33370956778526	50	0
1.3669999837875	0.94258534908295	-0.33394315838814	50	0
1.3680000305176	0.94250255823135	-0.33417668938637	50	0
1.3689999580383	0.94241970777512	-0.3344102203846	50	0
1.3700000047684	0.94233691692352	-0.33464375138283	50	0
1.3710000514984	0.942253947258	-0.33487719297409	50	0
1.3719999790192	0.94217097759247	-0.33511063456535	50	0
1.3730000257492	0.94208800792694	-0.33534407615662	50	0
1.37399995327	0.94200485944748	-0.33557748794556	50	0
1.375	0.94192165136337	-0.33581086993217	50	0
1.37600004673	0.94183850288391	-0.33604425191879	50	0
1.3769999742508	0.94175517559052	-0.33627760410309	50	0
1.3780000209808	0.94167190790176	-0.33651095628738	50	0
1.3789999485016	0.94158852100372	-0.33674427866936	50	0
1.3799999952316	0.94150501489639	-0.33697754144669	50	0
1.3810000419617	0.94142156839371	-0.33721080422401	50	0
1.3819999694824	0.94133806228638	-0.33744406700134	50	0
1.3830000162125	0.94125443696976	-0.33767729997635	50	0
1.3839999437332	0.94117075204849	-0.33791047334671	50	0
1.3849999904633	0.94108694791794	-0.33814367651939	50	0
1.3860000371933	0.94100320339203	-0.33837687969208	50	0
1.3869999647141	0.94091939926147	-0.33860999345779	50	0
1.3880000114441	0.94083553552628	-0.33884310722351	50	0
1.3890000581741	0.94075155258179	-0.3390761911869	50	0
1.3899999856949	0.9406675696373	-0.3393092751503	50	0
1.3910000324249	0.94058346748352	-0.33954235911369	50	0
1.3919999599457	0.9404993057251	-0.33977538347244	50	0
1.3930000066757	0.94041520357132	-0.34000840783119	50	0
1.3940000534058	0.94033086299896	-0.34024140238762	50	0
1.3949999809265	0.94024658203125	-0.34047439694405	50	0
1.3960000276566	0.94016224145889	-0.34070733189583	50	0
1.3969999551773	0.94007784128189	-0.34094026684761	50	0
1.3980000019073	0.9399933218956	-0.34117317199707	50	0
1.3990000486374	0.93990880250931	-0.34140604734421	50	0
1.3999999761581	0.93982422351837	-0.34163892269135	50	0
1.4010000228882	0.93973958492279	-0.34187176823616	50	0
1.4019999504089	0.93965488672256	-0.3421046435833	50	0
1.402999997139	0.93957006931305	-0.34233739972115	50	0
1.404000043869	0.93948525190353	-0.34257018566132	50	0
1.4049999713898	0.93940043449402	-0.34280294179916	50	0
1.4060000181198	0.93931543827057	-0.34303566813469	50	0
1.4069999456406	0.93923050165176	-0.34326842427254	50	0
1.4079999923706	0.93914538621902	-0.34350112080574	50	0
1.4090000391006	0.93906027078629	-0.34373378753662	50	0
1.4099999666214	0.93897521495819	-0.34396642446518	50	0
1.4110000133514	0.93888992071152	-0.34419903159142	50	0
1.4119999408722	0.9388045668602	-0.34443166851997	50	0
1.4129999876022	0.93871927261353	-0.34466427564621	50	0
1.4140000343323	0.93863385915756	-0.34489685297012	50	0
1.414999961853	0.93854838609695	-0.34512940049171	50	0
1.4160000085831	0.9384628534317	-0.34536194801331	50	0
1.4170000553131	0.93837732076645	-0.34559440612793	50	0
1.4179999828339	0.93829160928726	-0.34582686424255	50	0
1.4190000295639	0.93820595741272	-0.34605938196182	50	0
1.4199999570847	0.93812012672424	-0.34629181027412	50	0
1.4210000038147	0.93803435564041	-0.34652423858643	50	0
1.4220000505447	0.93794846534729	-0.34675663709641	50	0
1.4229999780655	0.93786257505417	-0.34698900580406	50	0
1.4240000247955	0.93777656555176	-0.3472213447094	50	0
1.4249999523163	0.93769055604935	-0.34745365381241	50	0
1.4259999990463	0.937604367733	-0.34768599271774	50	0
1.4270000457764	0.93751829862595	-0.34791830182076	50	0
1.4279999732971	0.9374321103096	-0.34815055131912	50	0
1.4290000200272	0.93734586238861	-0.34838280081749	50	0
1.4299999475479	0.93725949525833	-0.34861499071121	50	0
1.430999994278	0.93717306852341	-0.34884721040726	50	0
1.432000041008	0.93708658218384	-0.34907940030098	50	0
1.4329999685287	0.93700009584427	-0.34931156039238	50	0
1.4340000152588	0.93691354990005	-0.34954369068146	50	0
1.4349999427795	0.93682700395584	-0.34977579116821	50	0
1.4359999895096	0.93674021959305	-0.35000786185265	50	0
1.4370000362396	0.93665355443954	-0.35023993253708	50	0
1.4379999637604	0.93656677007675	-0.35047200322151	50	0
1.4390000104904	0.93647986650467	-0.35070404410362	50	0
1.4400000572205	0.93639290332794	-0.35093602538109	50	0
1.4409999847412	0.93630594015121	-0.35116797685623	50	0
1.4420000314713	0.93621891736984	-0.3513999581337	50	0
1.442999958992	0.93613189458847	-0.35163190960884	50	0
1.444000005722	0.93604475259781	-0.35186383128166	50	0
1.4450000524521	0.93595749139786	-0.35209572315216	50	0
1.4459999799728	0.93587023019791	-0.35232761502266	50	0
1.4470000267029	0.93578296899796	-0.35255941748619	50	0
1.4479999542236	0.93569552898407	-0.35279124975204	50	0
1.4490000009537	0.93560814857483	-0.35302305221558	50	0
1.4500000476837	0.93552070856094	-0.35325485467911	50	0
1.4509999752045	0.93543308973312	-0.35348659753799	50	0
1.4520000219345	0.9353454709053	-0.35371831059456	50	0
1.4529999494553	0.93525779247284	-0.35395005345345	50	0
1.4539999961853	0.93517011404037	-0.35418173670769	50	0
1.4550000429153	0.93508237600327	-0.35441341996193	50	0
1.4559999704361	0.93499445915222	-0.35464504361153	50	0
1.4570000171661	0.93490648269653	-0.3548766374588	50	0
1.4579999446869	0.93481856584549	-0.35510829091072	50	0
1.4589999914169	0.9347305893898	-0.355339884758	50	0
1.460000038147	0.93464249372482	-0.35557141900063	50	0
1.4609999656677	0.93455427885056	-0.35580295324326	50	0
1.4620000123978	0.93446618318558	-0.35603445768356	50	0
1.4630000591278	0.93437790870667	-0.35626593232155	50	0
1.4639999866486	0.93428957462311	-0.35649740695953	50	0
1.4650000333786	0.93420124053955	-0.3567288517952	50	0
1.4659999608994	0.93411272764206	-0.35696026682854	50	0
1.4670000076294	0.93402427434921	-0.35719165205956	50	0
1.4680000543594	0.93393576145172	-0.35742303729057	50	0
1.4689999818802	0.93384718894958	-0.35765439271927	50	0
1.4700000286102	0.93375849723816	-0.35788571834564	50	0
1.470999956131	0.93366974592209	-0.35811704397202	50	0
1.472000002861	0.93358093500137	-0.35834830999374	50	0
1.4730000495911	0.9334921836853	-0.35857957601547	50	0
1.4739999771118	0.9334032535553	-0.35881081223488	50	0
1.4750000238419	0.93331432342529	-0.35904201865196	50	0
1.4759999513626	0.933225274086	-0.35927319526672	50	0
1.4769999980927	0.93313616514206	-0.35950434207916	50	0
1.4780000448227	0.93304705619812	-0.35973551869392	50	0
1.4789999723434	0.93295794725418	-0.35996666550636	50	0
1.4800000190735	0.9328687787056	-0.3601978123188	50	0
1.4809999465942	0.93277943134308	-0.36042881011963	50	0
1.4819999933243	0.93269008398056	-0.3606598675251	50	0
1.4830000400543	0.93260061740875	-0.36089089512825	50	0
1.4839999675751	0.9325110912323	-0.36112195253372	50	0
1.4850000143051	0.93242162466049	-0.36135286092758	50	0
1.4859999418259	0.93233203887939	-0.36158385872841	50	0
1.4869999885559	0.93224233388901	-0.36181479692459	50	0
1.4880000352859	0.93215262889862	-0.36204570531845	50	0
1.4889999628067	0.93206292390823	-0.36227661371231	50	0
1.4900000095367	0.93197304010391	-0.36250749230385	50	0
1.4910000562668	0.93188321590424	-0.36273831129074	50	0
1.4919999837875	0.93179315328598	-0.36296916007996	50	0
1.4930000305176	0.93170320987701	-0.3631999194622	50	0
1.4939999580383	0.9316132068634	-0.36343070864677	50	0
1.4950000047684	0.9315230846405	-0.36366146802902	50	0
1.4960000514984	0.93143290281296	-0.36389222741127	50	0
1.4969999790192	0.93134266138077	-0.36412289738655	50	0
1.4980000257492	0.93125236034393	-0.36435359716415	50	0
1.49899995327	0.9311620593071	-0.36458426713943	50	0
1.5	0.93107163906097	-0.36481487751007	50	0
1.50100004673	0.93098121881485	-0.36504548788071	50	0
1.5019999742508	0.93089067935944	-0.36527609825134	50	0
1.5030000209808	0.93080013990402	-0.36550664901733	50	0
1.5039999485016	0.93070948123932	-0.36573719978333	50	0
1.5049999952316	0.93061876296997	-0.36596769094467	50	0
1.5060000419617	0.93052804470062	-0.36619818210602	50	0
1.5069999694824	0.93043726682663	-0.36642867326736	50	0
1.5080000162125	0.93034636974335	-0.36665910482407	50	0
1.5089999437332	0.93025547266006	-0.36688956618309	50	0
1.5099999904633	0.93016445636749	-0.36711996793747	50	0
1.5110000371933	0.93007338047028	-0.36735028028488	50	0
1.5119999647141	0.92998224496841	-0.36758068203926	50	0
1.5130000114441	0.92989110946655	-0.367811024189	50	0
1.5140000581741	0.9297998547554	-0.36804130673409	50	0
1.5149999856949	0.9297086596489	-0.36827155947685	50	0
1.5160000324249	0.9296173453331	-0.36850184202194	50	0
1.5169999599457	0.9295260310173	-0.36873212456703	50	0
1.5180000066757	0.92943453788757	-0.36896225810051	50	0
1.5190000534058	0.92934304475784	-0.36919248104095	50	0
1.5199999809265	0.92925137281418	-0.36942264437675	50	0
1.5210000276566	0.92915987968445	-0.36965277791023	50	0
1.5219999551773	0.92906820774078	-0.36988291144371	50	0
1.5230000019073	0.92897647619247	-0.37011301517487	50	0
1.5240000486374	0.92888462543488	-0.37034305930138	50	0
1.5249999761581	0.92879283428192	-0.37057310342789	50	0
1.5260000228882	0.92870092391968	-0.3708031475544	50	0
1.5269999504089	0.92860895395279	-0.37103313207626	50	0
1.527999997139	0.92851692438126	-0.37126311659813	50	0
1.529000043869	0.92842477560043	-0.37149304151535	50	0
1.5299999713898	0.92833280563354	-0.37172299623489	50	0
1.5310000181198	0.92824053764343	-0.37195286154747	50	0
1.5319999456406	0.92814832925797	-0.37218278646469	50	0
1.5329999923706	0.92805600166321	-0.37241262197495	50	0
1.5340000391006	0.92796367406845	-0.37264248728752	50	0
1.5349999666214	0.9278712272644	-0.37287223339081	50	0
1.5360000133514	0.92777872085571	-0.37310203909874	50	0
1.5369999408722	0.92768621444702	-0.37333181500435	50	0
1.5379999876022	0.92759364843369	-0.37356153130531	50	0
1.5390000343323	0.92750096321106	-0.37379124760628	50	0
1.539999961853	0.92740827798843	-0.37402096390724	50	0
1.5410000085831	0.92731559276581	-0.37425062060356	50	0
1.5420000553131	0.92722272872925	-0.37448024749756	50	0
1.5429999828339	0.92712986469269	-0.37470990419388	50	0
1.5440000295639	0.92703688144684	-0.37493947148323	50	0
1.5449999570847	0.92694389820099	-0.37516903877258	50	0
1.5460000038147	0.92685085535049	-0.37539860606194	50	0
1.5470000505447	0.92675775289536	-0.37562814354897	50	0
1.5479999780655	0.92666459083557	-0.37585762143135	50	0
1.5490000247955	0.92657142877579	-0.37608712911606	50	0
1.5499999523163	0.92647808790207	-0.3763165473938	50	0
1.5509999990463	0.92638474702835	-0.37654599547386	50	0
1.5520000457764	0.92629140615463	-0.3767754137516	50	0
1.5529999732971	0.92619794607162	-0.3770047724247	50	0
1.5540000200272	0.92610442638397	-0.37723410129547	50	0
1.5549999475479	0.92601096630096	-0.37746345996857	50	0
1.555999994278	0.92591726779938	-0.37769281864166	50	0
1.557000041008	0.92582356929779	-0.37792205810547	50	0
1.5579999685287	0.92572993040085	-0.3781513273716	50	0
1.5590000152588	0.92563611268997	-0.3783805668354	50	0
1.5599999427795	0.9255422949791	-0.37860977649689	50	0
1.5609999895096	0.92544835805893	-0.37883901596069	50	0
1.5620000362396	0.92535442113876	-0.37906816601753	50	0
1.5629999637604	0.92526036500931	-0.37929728627205	50	0
1.5640000104904	0.92516630887985	-0.37952640652657	50	0
1.5650000572205	0.92507219314575	-0.3797555565834	50	0
1.5659999847412	0.92497801780701	-0.37998461723328	50	0
1.5670000314713	0.92488372325897	-0.38021364808083	50	0
1.567999958992	0.92478948831558	-0.38044267892838	50	0
1.569000005722	0.9246951341629	-0.3806716799736	50	0
1.5700000524521	0.92460072040558	-0.38090068101883	50	0
1.5709999799728	0.92450618743896	-0.38112965226173	50	0
1.5720000267029	0.92441177368164	-0.38135856389999	50	0
1.5729999542236	0.92431718111038	-0.38158747553825	50	0
1.5740000009537	0.92422252893448	-0.38181632757187	50	0
1.5750000476837	0.92412787675858	-0.38204523921013	50	0
1.5759999752045	0.92403310537338	-0.38227409124374	50	0
1.5770000219345	0.9239382147789	-0.38250288367271	50	0
1.5779999494553	0.92384338378906	-0.38273170590401	50	0
1.5789999961853	0.92374849319458	-0.38296043872833	50	0
1.5800000429153	0.92365348339081	-0.38318920135498	50	0
1.5809999704361	0.92355847358704	-0.38341793417931	50	0
1.5820000171661	0.92346346378326	-0.38364663720131	50	0
1.5829999446869	0.92336827516556	-0.38387531042099	50	0
1.5839999914169	0.92327308654785	-0.38410395383835	50	0
1.585000038147	0.92317777872086	-0.38433259725571	50	0
1.5859999656677	0.92308247089386	-0.38456124067307	50	0
1.5870000123978	0.92298710346222	-0.38478979468346	50	0
1.5880000591278	0.92289167642593	-0.38501837849617	50	0
1.5889999866486	0.92279630899429	-0.38524690270424	50	0
1.5900000333786	0.92270070314407	-0.38547545671463	50	0
1.5909999608994	0.92260509729385	-0.38570395112038	50	0
1.5920000076294	0.92250943183899	-0.3859324157238	50	0
1.5930000543594	0.92241364717484	-0.38616082072258	50	0
1.5939999818802	0.92231792211533	-0.386389285326	50	0
1.5950000286102	0.92222219705582	-0.38661766052246	50	0
1.595999956131	0.92212629318237	-0.38684606552124	50	0
1.597000002861	0.92203032970428	-0.38707438111305	50	0
1.5980000495911	0.9219343662262	-0.38730275630951	50	0
1.5989999771118	0.92183828353882	-0.38753110170364	50	0
1.6000000238419	0.92174226045609	-0.38775935769081	50	0
1.6009999513626	0.92164605855942	-0.38798761367798	50	0
1.6019999980927	0.9215499162674	-0.38821589946747	50	0
1.6030000448227	0.92145359516144	-0.38844406604767	50	0
1.6039999723434	0.92135727405548	-0.38867229223251	50	0
1.6050000190735	0.92126089334488	-0.38890048861504	50	0
1.6059999465942	0.92116439342499	-0.38912862539291	50	0
1.6069999933243	0.92106795310974	-0.38935676217079	50	0
1.6080000400543	0.92097133398056	-0.38958486914635	50	0
1.6089999675751	0.92087477445602	-0.38981294631958	50	0
1.6100000143051	0.92077821493149	-0.39004105329514	50	0
1.6109999418259	0.92068141698837	-0.39026907086372	50	0
1.6119999885559	0.92058461904526	-0.39049705862999	50	0
1.6130000352859	0.92048782110214	-0.3907251060009	50	0
1.6139999628067	0.92039084434509	-0.39095306396484	50	0
1.6150000095367	0.92029392719269	-0.39118099212646	50	0
1.6160000562668	0.92019695043564	-0.39140892028809	50	0
1.6169999837875	0.92009997367859	-0.39163687825203	50	0
1.6180000305176	0.9200028181076	-0.39186474680901	50	0
1.6189999580383	0.91990560293198	-0.39209261536598	50	0
1.6200000047684	0.91980844736099	-0.39232045412064	50	0
1.6210000514984	0.91971111297607	-0.39254829287529	50	0
1.6219999790192	0.91961377859116	-0.39277610182762	50	0
1.6230000257492	0.91951638460159	-0.39300385117531	50	0
1.62399995327	0.91941899061203	-0.39323157072067	50	0
1.625	0.91932147741318	-0.39345952868462	50	0
1.62600004673	0.91922402381897	-0.3936870098114	50	0
1.6269999742508	0.91912645101547	-0.39391446113586	50	0
1.6280000209808	0.91902852058411	-0.39414274692535	50	0
1.6289999485016	0.91893088817596	-0.39437016844749	50	0
1.6299999952316	0.91883301734924	-0.39459797739983	50	0
1.6310000419617	0.91873526573181	-0.39482533931732	50	0
1.6319999694824	0.91863745450974	-0.3950526714325	50	0
1.6330000162125	0.91853946447372	-0.39528039097786	50	0
1.6339999437332	0.918441593647	-0.39550769329071	50	0
1.6349999904633	0.91834324598312	-0.39573580026627	50	0
1.6360000371933	0.91824519634247	-0.39596304297447	50	0
1.6369999647141	0.91814690828323	-0.39619070291519	50	0
1.6380000114441	0.91804879903793	-0.39641788601875	50	0
1.6390000581741	0.91795057058334	-0.39664503931999	50	0
1.6399999856949	0.91785204410553	-0.3968730866909	50	0
1.6410000324249	0.9177537560463	-0.3971001803875	50	0
1.6419999599457	0.91765516996384	-0.39732757210732	50	0
1.6430000066757	0.91755670309067	-0.39755487442017	50	0
1.6440000534058	0.91745811700821	-0.39778223633766	50	0
1.6449999809265	0.91735941171646	-0.39800953865051	50	0
1.6460000276566	0.91726076602936	-0.39823684096336	50	0
1.6469999551773	0.91716200113297	-0.39846408367157	50	0
1.6480000019073	0.91706317663193	-0.39869129657745	50	0
1.6490000486374	0.91696429252625	-0.39891856908798	50	0
1.6499999761581	0.91686534881592	-0.39914581179619	50	0
1.6510000228882	0.91676640510559	-0.39937296509743	50	0
1.6519999504089	0.91666734218597	-0.39960011839867	50	0
1.652999997139	0.91656821966171	-0.39982727169991	50	0
1.654000043869	0.9164691567421	-0.40005439519882	50	0
1.6549999713898	0.91636991500854	-0.40028148889542	50	0
1.6560000181198	0.91627067327499	-0.40050858259201	50	0
1.6569999456406	0.91617131233215	-0.40073561668396	50	0
1.6579999923706	0.91607201099396	-0.40096268057823	50	0
1.6590000391006	0.91597253084183	-0.40118968486786	50	0
1.6599999666214	0.9158730506897	-0.40141671895981	50	0
1.6610000133514	0.91577351093292	-0.40164369344711	50	0
1.6619999408722	0.91567379236221	-0.40187060832977	50	0
1.6629999876022	0.91557419300079	-0.40209758281708	50	0
1.6640000343323	0.91547447443008	-0.40232449769974	50	0
1.664999961853	0.91537463665009	-0.4025514125824	50	0
1.6660000085831	0.91527479887009	-0.40277829766273	50	0
1.6670000553131	0.91517496109009	-0.40300512313843	50	0
1.6679999828339	0.9150750041008	-0.40323200821877	50	0
1.6690000295639	0.91497498750687	-0.40345877408981	50	0
1.6699999570847	0.91487497091293	-0.40368556976318	50	0
1.6710000038147	0.91477477550507	-0.40391233563423	50	0
1.6720000505447	0.91467463970184	-0.40413910150528	50	0
1.6729999780655	0.91457438468933	-0.40436580777168	50	0
1.6740000247955	0.91447407007217	-0.40459254384041	50	0
1.6749999523163	0.91437375545502	-0.40481927990913	50	0
1.6759999990463	0.91427326202393	-0.40504595637321	50	0
1.6770000457764	0.91417282819748	-0.40527260303497	50	0
1.6779999732971	0.91407233476639	-0.40549927949905	50	0
1.6790000200272	0.91397166252136	-0.40572586655617	50	0
1.6799999475479	0.91387104988098	-0.4059524834156	50	0
1.680999994278	0.91377037763596	-0.40617904067039	50	0
1.682000041008	0.91366958618164	-0.40640559792519	50	0
1.6829999685287	0.91356879472733	-0.40663215517998	50	0
1.6840000152588	0.91346800327301	-0.40685865283012	50	0
1.6849999427795	0.91336697340012	-0.40708518028259	50	0
1.6859999895096	0.91326594352722	-0.40731167793274	50	0
1.6870000362396	0.91316491365433	-0.40753814578056	50	0
1.6879999637604	0.91306376457214	-0.40776455402374	50	0
1.6890000104904	0.91296261548996	-0.40799099206924	50	0
1.6900000572205	0.91286134719849	-0.40821743011475	50	0
1.6909999847412	0.91276007890701	-0.4084438085556	50	0
1.6920000314713	0.91265875101089	-0.40867015719414	50	0
1.692999958992	0.91255736351013	-0.40889650583267	50	0
1.694000005722	0.91245585680008	-0.40912282466888	50	0
1.6950000524521	0.91235429048538	-0.40934917330742	50	0
1.6959999799728	0.91225272417068	-0.40957543253899	50	0
1.6970000267029	0.91215109825134	-0.40980172157288	50	0
1.6979999542236	0.91204941272736	-0.41002795100212	50	0
1.6990000009537	0.91194766759872	-0.41025421023369	50	0
1.7000000476837	0.9118458032608	-0.41048043966293	50	0
1.7009999752045	0.91174393892288	-0.41070660948753	50	0
1.7020000219345	0.91164195537567	-0.41093277931213	50	0
1.7029999494553	0.91153997182846	-0.41115894913673	50	0
1.7039999961853	0.91143786907196	-0.41138508915901	50	0
1.7050000429153	0.91133576631546	-0.41161119937897	50	0
1.7059999704361	0.91123360395432	-0.41183730959892	50	0
1.7070000171661	0.91113132238388	-0.41206339001656	50	0
1.7079999446869	0.91102904081345	-0.41228944063187	50	0
1.7089999914169	0.91092669963837	-0.41251549124718	50	0
1.710000038147	0.910824239254	-0.41274154186249	50	0
1.7109999656677	0.91072189807892	-0.41296756267548	50	0
1.7120000123978	0.91061925888062	-0.41319352388382	50	0
1.7130000591278	0.91051667928696	-0.41341948509216	50	0
1.7139999866486	0.91041398048401	-0.41364544630051	50	0
1.7150000333786	0.91031128168106	-0.41387137770653	50	0
1.7159999608994	0.91020852327347	-0.41409727931023	50	0
1.7170000076294	0.91010564565659	-0.4143231511116	50	0
1.7180000543594	0.9100027680397	-0.41454908251762	50	0
1.7189999818802	0.90989977121353	-0.41477489471436	50	0
1.7200000286102	0.90979671478271	-0.41500076651573	50	0
1.720999956131	0.9096936583519	-0.41522657871246	50	0
1.722000002861	0.90959054231644	-0.41545239090919	50	0
1.7230000495911	0.90948730707169	-0.41567814350128	50	0
1.7239999771118	0.90938407182693	-0.41590395569801	50	0
1.7250000238419	0.90928071737289	-0.4161297082901	50	0
1.7259999513626	0.90917736291885	-0.41635540127754	50	0
1.7269999980927	0.90907382965088	-0.41658112406731	50	0
1.7280000448227	0.90897035598755	-0.41680681705475	50	0
1.7289999723434	0.90886670351028	-0.41703248023987	50	0
1.7300000190735	0.90876317024231	-0.41725811362267	50	0
1.7309999465942	0.90865939855576	-0.41748374700546	50	0
1.7319999933243	0.90855574607849	-0.41770938038826	50	0
1.7330000400543	0.90845185518265	-0.41793498396873	50	0
1.7339999675751	0.90834790468216	-0.41816055774689	50	0
1.7350000143051	0.90824407339096	-0.41838610172272	50	0
1.7359999418259	0.90814000368118	-0.41861164569855	50	0
1.7369999885559	0.90803593397141	-0.41883718967438	50	0
1.7380000352859	0.90793186426163	-0.41906270384789	50	0
1.7389999628067	0.90782767534256	-0.41928815841675	50	0
1.7400000095367	0.90772342681885	-0.41951364278793	50	0
1.7410000562668	0.90761911869049	-0.4197390973568	50	0
1.7419999837875	0.90751469135284	-0.41996452212334	50	0
1.7430000305176	0.9074102640152	-0.42018994688988	50	0
1.7439999580383	0.90730577707291	-0.42041528224945	50	0
1.7450000047684	0.90720117092133	-0.42064070701599	50	0
1.7460000514984	0.9070965051651	-0.42086601257324	50	0
1.7469999790192	0.90699177980423	-0.42109134793282	50	0
1.7480000257492	0.906887114048	-0.42131671309471	50	0
1.74899995327	0.90678232908249	-0.42154195904732	50	0
1.75	0.90667736530304	-0.42176729440689	50	0
1.75100004673	0.90657246112823	-0.4219925403595	50	0
1.7519999742508	0.90646743774414	-0.4222177863121	50	0
1.7530000209808	0.9063623547554	-0.42244300246239	50	0
1.7539999485016	0.90625721216202	-0.42266818881035	50	0
1.7549999952316	0.90615200996399	-0.42289337515831	50	0
1.7560000419617	0.90604680776596	-0.42311853170395	50	0
1.7569999694824	0.905941426754	-0.42334371805191	50	0
1.7580000162125	0.90583604574203	-0.42356884479523	50	0
1.7589999437332	0.90573066473007	-0.42379397153854	50	0
1.7599999904633	0.90562510490417	-0.42401903867722	50	0
1.7610000371933	0.90551948547363	-0.42424410581589	50	0
1.7619999647141	0.90541392564774	-0.42446914315224	50	0
1.7630000114441	0.9053081870079	-0.42469421029091	50	0
1.7640000581741	0.90520244836807	-0.42491924762726	50	0
1.7649999856949	0.9050966501236	-0.42514422535896	50	0
1.7660000324249	0.90499073266983	-0.42536920309067	50	0
1.7669999599457	0.90488469600677	-0.42559415102005	50	0
1.7680000066757	0.90477871894836	-0.42581909894943	50	0
1.7690000534058	0.90467262268066	-0.42604401707649	50	0
1.7699999809265	0.90456646680832	-0.42626890540123	50	0
1.7710000276566	0.90446019172668	-0.42649379372597	50	0
1.7719999551773	0.90435397624969	-0.4267186820507	50	0
1.7730000019073	0.90424764156342	-0.4269435107708	50	0
1.7740000486374	0.90414124727249	-0.42716830968857	50	0
1.7749999761581	0.90403473377228	-0.42739316821098	50	0
1.7760000228882	0.90392822027206	-0.42761790752411	50	0
1.7769999504089	0.90382170677185	-0.42784270644188	50	0
1.777999997139	0.90371489524841	-0.428067445755	50	0
1.779000043869	0.90360826253891	-0.42829218506813	50	0
1.7799999713898	0.90350139141083	-0.42851686477661	50	0
1.7810000181198	0.90339452028275	-0.42874157428741	50	0
1.7819999456406	0.90328764915466	-0.42896622419357	50	0
1.7829999923706	0.90318065881729	-0.42919090390205	50	0
1.7840000391006	0.90307354927063	-0.42941552400589	50	0
1.7849999666214	0.90296649932861	-0.42964014410973	50	0
1.7860000133514	0.90285927057266	-0.42986473441124	50	0
1.7869999408722	0.90275198221207	-0.43008932471275	50	0
1.7879999876022	0.90264469385147	-0.43031385540962	50	0
1.7890000343323	0.90253734588623	-0.43053841590881	50	0
1.789999961853	0.9024298787117	-0.43076291680336	50	0
1.7910000085831	0.90232235193253	-0.43098738789558	50	0
1.7920000553131	0.90221476554871	-0.43121185898781	50	0
1.7929999828339	0.90210717916489	-0.43143630027771	50	0
1.7940000295639	0.90199947357178	-0.43166077136993	50	0
1.7949999570847	0.90189164876938	-0.43188521265984	50	0
1.7960000038147	0.90178382396698	-0.43210959434509	50	0
1.7970000505447	0.90167599916458	-0.43233397603035	50	0
1.7979999780655	0.9015679359436	-0.43255829811096	50	0
1.7990000247955	0.90145993232727	-0.43278267979622	50	0
1.7999999523163	0.90135192871094	-0.43300694227219	50	0
1.8009999990463	0.90124362707138	-0.43323129415512	50	0
1.8020000457764	0.90113550424576	-0.43345555663109	50	0
1.8029999732971	0.9010272026062	-0.43367984890938	50	0
1.8040000200272	0.900918841362	-0.4339040517807	50	0
1.8049999475479	0.90081042051315	-0.43412828445435	50	0
1.805999994278	0.90070188045502	-0.43435245752335	50	0
1.807000041008	0.90059328079224	-0.43457663059235	50	0
1.8079999685287	0.9004847407341	-0.43480080366135	50	0
1.8090000152588	0.90037608146667	-0.4350249171257	50	0
1.8099999427795	0.90026724338531	-0.43524906039238	50	0
1.8109999895096	0.90015840530396	-0.43547314405441	50	0
1.8120000362396	0.9000495672226	-0.43569722771645	50	0
1.8129999637604	0.89994066953659	-0.43592128157616	50	0
1.8140000104904	0.89983159303665	-0.43614533543587	50	0
1.8150000572205	0.89972257614136	-0.43636935949326	50	0
1.8159999847412	0.89961338043213	-0.436593323946	50	0
1.8170000314713	0.89950412511826	-0.43681731820107	50	0
1.817999958992	0.89939492940903	-0.43704128265381	50	0
1.819000005722	0.89928549528122	-0.43726518750191	50	0
1.8200000524521	0.8991761803627	-0.43748912215233	50	0
1.8209999799728	0.8990666270256	-0.4377129971981	50	0
1.8220000267029	0.89895713329315	-0.4379369020462	50	0
1.8229999542236	0.89884752035141	-0.43816071748734	50	0
1.8240000009537	0.89873790740967	-0.43838456273079	50	0
1.8250000476837	0.89862811565399	-0.43860837817192	50	0
1.8259999752045	0.89851838350296	-0.43883219361305	50	0
1.8270000219345	0.89840841293335	-0.43905597925186	50	0
1.8279999494553	0.89829838275909	-0.43927970528603	50	0
1.8289999961853	0.89818853139877	-0.43950340151787	50	0
1.8300000429153	0.89807844161987	-0.43972715735435	50	0
1.8309999704361	0.89796829223633	-0.43995082378387	50	0
1.8320000171661	0.89785808324814	-0.44017449021339	50	0
1.8329999446869	0.89774787425995	-0.44039818644524	50	0
1.8339999914169	0.89763754606247	-0.44062182307243	50	0
1.835000038147	0.89752715826035	-0.44084537029266	50	0
1.8359999656677	0.89741665124893	-0.44106900691986	50	0
1.8370000123978	0.89730614423752	-0.44129258394241	50	0
1.8380000591278	0.89719557762146	-0.44151613116264	50	0
1.8389999866486	0.89708495140076	-0.44173964858055	50	0
1.8400000333786	0.89697426557541	-0.44196316599846	50	0
1.8409999608994	0.89686340093613	-0.44218668341637	50	0
1.8420000076294	0.89675253629684	-0.44241014122963	50	0
1.8430000543594	0.89664179086685	-0.44263359904289	50	0
1.8439999818802	0.89653068780899	-0.44285699725151	50	0
1.8450000286102	0.89641970396042	-0.44308039546013	50	0
1.845999956131	0.89630860090256	-0.44330382347107	50	0
1.847000002861	0.89619743824005	-0.44352722167969	50	0
1.8480000495911	0.8960862159729	-0.44375056028366	50	0
1.8489999771118	0.89597487449646	-0.44397389888763	50	0
1.8500000238419	0.89586353302002	-0.44419720768929	50	0
1.8509999513626	0.89575207233429	-0.44442048668861	50	0
1.8519999980927	0.89564061164856	-0.44464373588562	50	0
1.8530000448227	0.89552903175354	-0.44486704468727	50	0
1.8539999723434	0.89541733264923	-0.44509026408195	50	0
1.8550000190735	0.89530569314957	-0.44531345367432	50	0
1.8559999465942	0.89519393444061	-0.445536673069	50	0
1.8569999933243	0.89508211612701	-0.44575986266136	50	0
1.8580000400543	0.89497023820877	-0.44598299264908	50	0
1.8589999675751	0.89485830068588	-0.44620615243912	50	0
1.8600000143051	0.89474636316299	-0.44642931222916	50	0
1.8609999418259	0.89463430643082	-0.44665235280991	50	0
1.8619999885559	0.8945220708847	-0.4468754529953	50	0
1.8630000352859	0.89440989494324	-0.44709852337837	50	0
1.8639999628067	0.89429759979248	-0.44732159376144	50	0
1.8650000095367	0.89418530464172	-0.44754460453987	50	0
1.8660000562668	0.89407283067703	-0.4477676153183	50	0
1.8669999837875	0.89396053552628	-0.44799062609673	50	0
1.8680000305176	0.89384794235229	-0.44821360707283	50	0
1.8689999580383	0.89373540878296	-0.44843655824661	50	0
1.8700000047684	0.89362275600433	-0.44865950942039	50	0
1.8710000514984	0.89350998401642	-0.44888243079185	50	0
1.8719999790192	0.8933972120285	-0.44910529255867	50	0
1.8730000257492	0.89328438043594	-0.44932824373245	50	0
1.87399995327	0.89317154884338	-0.44955110549927	50	0
1.875	0.89305853843689	-0.44977393746376	50	0
1.87600004673	0.89294558763504	-0.44999679923058	50	0
1.8769999742508	0.89283245801926	-0.45021960139275	50	0
1.8780000209808	0.89271926879883	-0.45044243335724	50	0
1.8789999485016	0.89260619878769	-0.45066523551941	50	0
1.8799999952316	0.89249277114868	-0.45088800787926	50	0
1.8810000419617	0.89237952232361	-0.45111078023911	50	0
1.8819999694824	0.89226603507996	-0.45133352279663	50	0
1.8830000162125	0.89215266704559	-0.45155623555183	50	0
1.8839999437332	0.89203906059265	-0.45177894830704	50	0
1.8849999904633	0.89192551374435	-0.45200166106224	50	0
1.8860000371933	0.89181178808212	-0.4522243142128	50	0
1.8869999647141	0.89169812202454	-0.452447026968	50	0
1.8880000114441	0.89158427715302	-0.45266965031624	50	0
1.8890000581741	0.89147049188614	-0.45289233326912	50	0
1.8899999856949	0.89135658740997	-0.45311498641968	50	0
1.8910000324249	0.89124256372452	-0.45333757996559	50	0
1.8919999599457	0.89112859964371	-0.45356020331383	50	0
1.8930000066757	0.89101445674896	-0.45378276705742	50	0
1.8940000534058	0.89090043306351	-0.45400533080101	50	0
1.8949999809265	0.89078617095947	-0.45422795414925	50	0
1.8960000276566	0.89067190885544	-0.45445048809052	50	0
1.8969999551773	0.89055752754211	-0.45467302203178	50	0
1.8980000019073	0.89044314622879	-0.45489555597305	50	0
1.8990000486374	0.89032870531082	-0.45511808991432	50	0
1.8999999761581	0.89021414518356	-0.45534062385559	50	0
1.9010000228882	0.8900995850563	-0.45556309819221	50	0
1.9019999504089	0.88998508453369	-0.45578551292419	50	0
1.902999997139	0.8898703455925	-0.45600798726082	50	0
1.904000043869	0.88975560665131	-0.45623046159744	50	0
1.9049999713898	0.88964074850082	-0.45645287632942	50	0
1.9060000181198	0.88952589035034	-0.45667526125908	50	0
1.9069999456406	0.88941103219986	-0.45689764618874	50	0
1.9079999923706	0.88929581642151	-0.45712041854858	50	0
1.9090000391006	0.88918071985245	-0.4573427438736	50	0
1.9099999666214	0.88906574249268	-0.45756506919861	50	0
1.9110000133514	0.88895052671432	-0.45778730511665	50	0
1.9119999408722	0.88883495330811	-0.45801040530205	50	0
1.9129999876022	0.8887197971344	-0.45823261141777	50	0
1.9140000343323	0.88860422372818	-0.45845523476601	50	0
1.914999961853	0.88848894834518	-0.45867741107941	50	0
1.9160000085831	0.88837337493896	-0.45889994502068	50	0
1.9170000553131	0.88825792074203	-0.45912206172943	50	0
1.9179999828339	0.88814216852188	-0.45934456586838	50	0
1.9190000295639	0.88802641630173	-0.459567040205	50	0
1.9199999570847	0.88791090250015	-0.45978909730911	50	0
1.9210000038147	0.88779497146606	-0.46001148223877	50	0
1.9220000505447	0.88767904043198	-0.46023389697075	50	0
1.9229999780655	0.8875629901886	-0.46045631170273	50	0
1.9240000247955	0.88744699954987	-0.46067869663239	50	0
1.9249999523163	0.88733094930649	-0.46090108156204	50	0
1.9259999990463	0.88721472024918	-0.4611234664917	50	0
1.9270000457764	0.88709861040115	-0.46134585142136	50	0
1.9279999732971	0.8869823217392	-0.46156823635101	50	0
1.9290000200272	0.8868659734726	-0.46179062128067	50	0
1.9299999475479	0.88674962520599	-0.462012976408	50	0
1.930999994278	0.88663309812546	-0.46223539113998	50	0
1.932000041008	0.88651657104492	-0.46245774626732	50	0
1.9329999685287	0.88640004396439	-0.4626801609993	50	0
1.9340000152588	0.88628327846527	-0.46290257573128	50	0
1.9349999427795	0.88616669178009	-0.46312496066093	50	0
1.9359999895096	0.88604986667633	-0.46334740519524	50	0
1.9370000362396	0.88593298196793	-0.46356979012489	50	0
1.9379999637604	0.88581615686417	-0.46379223465919	50	0
1.9390000104904	0.88569915294647	-0.46401464939117	50	0
1.9400000572205	0.88558208942413	-0.4642371237278	50	0
1.9409999847412	0.88546496629715	-0.46445953845978	50	0
1.9420000314713	0.88534784317017	-0.46468204259872	50	0
1.942999958992	0.88523054122925	-0.46490448713303	50	0
1.944000005722	0.88511341810226	-0.46512696146965	50	0
1.9450000524521	0.88499593734741	-0.46534952521324	50	0
1.9459999799728	0.88487857580185	-0.46557199954987	50	0
1.9470000267029	0.88476091623306	-0.46579453349113	50	0
1.9479999542236	0.88464337587357	-0.4660170674324	50	0
1.9490000009537	0.88452571630478	-0.46623963117599	50	0
1.9500000476837	0.88440805673599	-0.46646219491959	50	0
1.9509999752045	0.88429033756256	-0.46668475866318	50	0
1.9520000219345	0.8841724395752	-0.46690735220909	50	0
1.9529999494553	0.88405454158783	-0.46713000535965	50	0
1.9539999961853	0.88393658399582	-0.46735262870789	50	0
1.9550000429153	0.88381856679916	-0.46757528185844	50	0
1.9559999704361	0.88370037078857	-0.46779796481133	50	0
1.9570000171661	0.88358223438263	-0.46802064776421	50	0
1.9579999446869	0.88346391916275	-0.46824333071709	50	0
1.9589999914169	0.88334560394287	-0.46846610307693	50	0
1.960000038147	0.88322705030441	-0.46868884563446	50	0
1.9609999656677	0.88310867547989	-0.46891161799431	50	0
1.9620000123978	0.88299006223679	-0.46913447976112	50	0
1.9630000591278	0.88287138938904	-0.46935728192329	50	0
1.9639999866486	0.88275277614594	-0.46958017349243	50	0
1.9650000333786	0.8826339840889	-0.46980306506157	50	0
1.9659999608994	0.88251513242722	-0.47002595663071	50	0
1.9670000076294	0.88239616155624	-0.47024893760681	50	0
1.9680000543594	0.88227713108063	-0.47047185897827	50	0
1.9689999818802	0.88215804100037	-0.47069489955902	50	0
1.9700000286102	0.88203877210617	-0.47091794013977	50	0
1.970999956131	0.88191950321198	-0.47114101052284	50	0
1.972000002861	0.88180029392242	-0.47136414051056	50	0
1.9730000495911	0.881680727005	-0.47158721089363	50	0
1.9739999771118	0.88156127929688	-0.47181040048599	50	0
1.9750000238419	0.88144171237946	-0.47203359007835	50	0
1.9759999513626	0.88132214546204	-0.47225686907768	50	0
1.9769999980927	0.88120234012604	-0.47248011827469	50	0
1.9780000448227	0.88108247518539	-0.47270342707634	50	0
1.9789999723434	0.88096255064011	-0.47292682528496	50	0
1.9800000190735	0.88084244728088	-0.47315016388893	50	0
1.9809999465942	0.88072234392166	-0.47337362170219	50	0
1.9819999933243	0.88060224056244	-0.47359710931778	50	0
1.9830000400543	0.88048195838928	-0.47382065653801	50	0
1.9839999675751	0.88036155700684	-0.47404420375824	50	0
1.9850000143051	0.88024115562439	-0.47426778078079	50	0
1.9859999418259	0.88012063503265	-0.47449147701263	50	0
1.9869999885559	0.87999987602234	-0.47471517324448	50	0
1.9880000352859	0.87987917661667	-0.47493892908096	50	0
1.9889999628067	0.87975829839706	-0.47516268491745	50	0
1.9900000095367	0.87963742017746	-0.4753865301609	50	0
1.9910000562668	0.87951630353928	-0.47561040520668	50	0
1.9919999837875	0.87939518690109	-0.4758343398571	50	0
1.9930000305176	0.87927401065826	-0.47605833411217	50	0
1.9939999580383	0.8791526556015	-0.4762824177742	50	0
1.9950000047684	0.87903118133545	-0.47650653123856	50	0
1.9960000514984	0.87890958786011	-0.47673070430756	50	0
1.9969999790192	0.87878799438477	-0.47695487737656	50	0
1.9980000257492	0.87866628170013	-0.47717913985252	50	0
1.99899995327	0.87854439020157	-0.47740349173546	50	0
2	0.87842231988907	-0.47762787342072	50	0
